TimeSlice	Time	LH_AnkleZ	LH_Knee	LH_HipZ
0	0	0	0	0
3	0.00162	0	0	0
6	0.00324	8.14778e-017	-2.6563e-018	8.29415e-017
9	0.00486	-4.34899e-012	8.93332e-010	8.58955e-010
12	0.00648	2.16455e-011	0.000785852	0.000308043
15	0.0081	0.000782082	0.00149286	0.000308045
18	0.00972	0.000782082	0.00159242	-3.25349e-005
21	0.01134	0.00576681	0.00159241	-0.0015353
24	0.01296	0.00576681	0.000890967	-0.00373545
27	0.01458	0.00370954	0.000890968	-0.00528965
30	0.0162	0.00370954	0.00341596	-0.00528968
33	0.01782	0.0140932	-4.82935e-006	-0.0116336
36	0.01944	0.0140932	-4.82814e-006	-0.014509
39	0.02106	0.00832812	0.00339264	-0.0145091
42	0.02268	0.00832812	0.000595482	-0.0212475
45	0.0243	-0.0132566	0.000595486	-0.0227072
48	0.02592	-0.0132566	0.00370324	-0.0227072
51	0.02754	-0.0106838	-7.84755e-005	-0.0296158
54	0.02916	-0.0106838	-7.84685e-005	-0.0304826
57	0.03078	-0.0112614	0.000268147	-0.0304826
60	0.0324	-0.0112614	-0.00847317	-0.038055
63	0.03402	-0.029912	-0.00847317	-0.0380551
66	0.03564	-0.029912	-0.0151199	-0.0451824
69	0.03726	-0.0496455	-0.0151199	-0.0451825
72	0.03888	-0.0496455	-0.0214488	-0.0521569
75	0.0405	-0.0637198	-0.0214488	-0.052157
78	0.04212	-0.0637198	-0.0276707	-0.05875
81	0.04374	-0.0739056	-0.0276707	-0.0587501
84	0.04536	-0.0739056	-0.033863	-0.065085
87	0.04698	-0.0829892	-0.033863	-0.065085
90	0.0486	-0.0829892	-0.0399154	-0.0712435
93	0.05022	-0.0921218	-0.0399154	-0.0712435
96	0.05184	-0.0921218	-0.0457909	-0.0772694
99	0.05346	-0.101319	-0.0457909	-0.0772694
102	0.05508	-0.101319	-0.0515075	-0.0831799
105	0.0567	-0.110427	-0.0515075	-0.0831799
108	0.05832	-0.110427	-0.057092	-0.0889875
111	0.05994	-0.119412	-0.057092	-0.0889875
114	0.06156	-0.119412	-0.0625635	-0.0947052
117	0.06318	-0.128294	-0.0625635	-0.0947053
120	0.0648	-0.128294	-0.0679361	-0.100346
123	0.06642	-0.137087	-0.0679361	-0.100346
126	0.06804	-0.137087	-0.0732226	-0.105919
129	0.06966	-0.145793	-0.0732226	-0.105919
132	0.07128	-0.145793	-0.0784325	-0.111435
135	0.0729	-0.154428	-0.0784324	-0.111435
138	0.07452	-0.154428	-0.0835733	-0.116899
141	0.07614	-0.162996	-0.0835733	-0.116899
144	0.07776	-0.162996	-0.0886516	-0.122318
147	0.07938	-0.171504	-0.0886516	-0.122318
150	0.081	-0.171504	-0.0936728	-0.127697
153	0.08262	-0.179955	-0.0936728	-0.127697
156	0.08424	-0.179955	-0.0986417	-0.13304
159	0.08586	-0.188349	-0.0986417	-0.13304
162	0.08748	-0.188349	-0.103562	-0.13835
165	0.0891	-0.196691	-0.103562	-0.13835
168	0.09072	-0.196691	-0.108438	-0.143631
171	0.09234	-0.204973	-0.108438	-0.143632
174	0.09396	-0.204973	-0.113273	-0.148885
177	0.09558	-0.2132	-0.113273	-0.148886
180	0.0972	-0.2132	-0.118069	-0.154114
183	0.09882	-0.221374	-0.118069	-0.154114
186	0.10044	-0.221374	-0.122828	-0.159319
189	0.10206	-0.229499	-0.122828	-0.15932
192	0.10368	-0.229499	-0.127551	-0.164502
195	0.1053	-0.237573	-0.127551	-0.164502
198	0.10692	-0.237573	-0.132239	-0.169664
201	0.10854	-0.245599	-0.132239	-0.169664
204	0.11016	-0.245599	-0.136894	-0.174804
207	0.11178	-0.253576	-0.136894	-0.174804
210	0.1134	-0.253576	-0.141516	-0.179924
213	0.11502	-0.261505	-0.141516	-0.179924
216	0.11664	-0.261505	-0.146104	-0.185024
219	0.11826	-0.269385	-0.146104	-0.185024
222	0.11988	-0.269385	-0.150661	-0.190104
225	0.1215	-0.277218	-0.150661	-0.190104
228	0.12312	-0.277218	-0.155185	-0.195164
231	0.12474	-0.285003	-0.155185	-0.195164
234	0.12636	-0.285003	-0.159677	-0.200204
237	0.12798	-0.292739	-0.159677	-0.200204
240	0.1296	-0.292739	-0.164137	-0.205223
243	0.13122	-0.300429	-0.164137	-0.205223
246	0.13284	-0.300429	-0.168565	-0.210222
249	0.13446	-0.30807	-0.168565	-0.210223
252	0.13608	-0.30807	-0.17296	-0.215201
255	0.1377	-0.315662	-0.17296	-0.215201
258	0.13932	-0.315662	-0.177323	-0.220158
261	0.14094	-0.323205	-0.177323	-0.220158
264	0.14256	-0.323205	-0.181653	-0.225094
267	0.14418	-0.330699	-0.181653	-0.225094
270	0.1458	-0.330699	-0.18595	-0.230007
273	0.14742	-0.338144	-0.18595	-0.230007
276	0.14904	-0.338144	-0.190213	-0.234898
279	0.15066	-0.34554	-0.190213	-0.234898
282	0.15228	-0.34554	-0.194442	-0.239766
285	0.1539	-0.352886	-0.194442	-0.239766
288	0.15552	-0.352886	-0.198637	-0.244609
291	0.15714	-0.36018	-0.198637	-0.24461
294	0.15876	-0.36018	-0.202797	-0.249429
297	0.16038	-0.367424	-0.202797	-0.249429
300	0.162	-0.367424	-0.206923	-0.254224
303	0.16362	-0.374617	-0.206923	-0.254224
306	0.16524	-0.374617	-0.211013	-0.258993
309	0.16686	-0.381758	-0.211012	-0.258993
312	0.16848	-0.381758	-0.215067	-0.263736
315	0.1701	-0.388846	-0.215067	-0.263736
318	0.17172	-0.388846	-0.219084	-0.268452
321	0.17334	-0.395882	-0.219084	-0.268452
324	0.17496	-0.395882	-0.223065	-0.27314
327	0.17658	-0.402864	-0.223065	-0.27314
330	0.1782	-0.402864	-0.227009	-0.277801
333	0.17982	-0.409794	-0.227009	-0.277801
336	0.18144	-0.409794	-0.230916	-0.282432
339	0.18306	-0.416669	-0.230916	-0.282432
342	0.18468	-0.416669	-0.234784	-0.287034
345	0.1863	-0.423489	-0.234784	-0.287034
348	0.18792	-0.423489	-0.238615	-0.291606
351	0.18954	-0.430254	-0.238615	-0.291606
354	0.19116	-0.430254	-0.242406	-0.296147
357	0.19278	-0.436964	-0.242406	-0.296148
360	0.1944	-0.436964	-0.246158	-0.300657
363	0.19602	-0.443618	-0.246158	-0.300657
366	0.19764	-0.443618	-0.249871	-0.305135
369	0.19926	-0.450216	-0.249871	-0.305135
372	0.20088	-0.450216	-0.253544	-0.30958
375	0.2025	-0.456758	-0.253544	-0.30958
378	0.20412	-0.456758	-0.257177	-0.313991
381	0.20574	-0.463241	-0.257177	-0.313991
384	0.20736	-0.463241	-0.26077	-0.318369
387	0.20898	-0.469667	-0.26077	-0.318369
390	0.2106	-0.469667	-0.264321	-0.322711
393	0.21222	-0.476035	-0.264321	-0.322711
396	0.21384	-0.476035	-0.267831	-0.327019
399	0.21546	-0.482345	-0.267831	-0.327019
402	0.21708	-0.482345	-0.2713	-0.331291
405	0.2187	-0.488595	-0.2713	-0.331291
408	0.22032	-0.488595	-0.274727	-0.335526
411	0.22194	-0.494786	-0.274727	-0.335526
414	0.22356	-0.494786	-0.278112	-0.339724
417	0.22518	-0.500918	-0.278112	-0.339724
420	0.2268	-0.500918	-0.281454	-0.343884
423	0.22842	-0.50699	-0.281454	-0.343884
426	0.23004	-0.50699	-0.284754	-0.348006
429	0.23166	-0.513001	-0.284754	-0.348007
432	0.23328	-0.513001	-0.288011	-0.35209
435	0.2349	-0.518952	-0.288011	-0.35209
438	0.23652	-0.518952	-0.291225	-0.356134
441	0.23814	-0.524841	-0.291225	-0.356134
444	0.23976	-0.524841	-0.294396	-0.360139
447	0.24138	-0.53067	-0.294396	-0.360139
450	0.243	-0.53067	-0.297523	-0.364103
453	0.24462	-0.536437	-0.297523	-0.364103
456	0.24624	-0.536437	-0.300607	-0.368026
459	0.24786	-0.542141	-0.300607	-0.368026
462	0.24948	-0.542141	-0.303647	-0.371909
465	0.2511	-0.547785	-0.303647	-0.371909
468	0.25272	-0.547785	-0.306643	-0.375749
471	0.25434	-0.553366	-0.306643	-0.375749
474	0.25596	-0.553366	-0.309595	-0.379548
477	0.25758	-0.558883	-0.309595	-0.379548
480	0.2592	-0.558883	-0.312503	-0.383303
483	0.26082	-0.564339	-0.312503	-0.383303
486	0.26244	-0.564339	-0.315366	-0.387016
489	0.26406	-0.569731	-0.315366	-0.387016
492	0.26568	-0.569731	-0.318186	-0.390686
495	0.2673	-0.575061	-0.318186	-0.390686
498	0.26892	-0.575061	-0.320961	-0.394312
501	0.27054	-0.580328	-0.320961	-0.394312
504	0.27216	-0.580328	-0.323691	-0.397893
507	0.27378	-0.585532	-0.323691	-0.397893
510	0.2754	-0.585532	-0.326377	-0.401431
513	0.27702	-0.590671	-0.326377	-0.401431
516	0.27864	-0.590671	-0.329018	-0.404924
519	0.28026	-0.595747	-0.329018	-0.404924
522	0.28188	-0.595747	-0.331615	-0.408371
525	0.2835	-0.60076	-0.331615	-0.408371
528	0.28512	-0.60076	-0.334168	-0.411774
531	0.28674	-0.60571	-0.334168	-0.411774
534	0.28836	-0.60571	-0.336675	-0.415131
537	0.28998	-0.610597	-0.336675	-0.415131
540	0.2916	-0.610597	-0.339139	-0.418442
543	0.29322	-0.61542	-0.339139	-0.418442
546	0.29484	-0.61542	-0.341558	-0.421707
549	0.29646	-0.620178	-0.341558	-0.421707
552	0.29808	-0.620178	-0.343933	-0.424926
555	0.2997	-0.624873	-0.343933	-0.424926
558	0.30132	-0.624873	-0.346263	-0.428099
561	0.30294	-0.629506	-0.346263	-0.428099
564	0.30456	-0.629506	-0.348549	-0.431225
567	0.30618	-0.634073	-0.348549	-0.431225
570	0.3078	-0.634073	-0.350791	-0.434304
573	0.30942	-0.63858	-0.350791	-0.434304
576	0.31104	-0.63858	-0.352989	-0.437337
579	0.31266	-0.643022	-0.352989	-0.437337
582	0.31428	-0.643022	-0.355143	-0.440322
585	0.3159	-0.647401	-0.355143	-0.440322
588	0.31752	-0.647401	-0.357253	-0.44326
591	0.31914	-0.651716	-0.357253	-0.44326
594	0.32076	-0.651716	-0.35932	-0.446152
597	0.32238	-0.655969	-0.35932	-0.446152
600	0.324	-0.655969	-0.361343	-0.448995
603	0.32562	-0.660159	-0.361343	-0.448995
606	0.32724	-0.660159	-0.363323	-0.451792
609	0.32886	-0.664287	-0.363323	-0.451792
612	0.33048	-0.664287	-0.365259	-0.454541
615	0.3321	-0.668352	-0.365259	-0.454541
618	0.33372	-0.668352	-0.367153	-0.457243
621	0.33534	-0.67238	-0.367153	-0.457243
624	0.33696	-0.67238	-0.369004	-0.459898
627	0.33858	-0.676304	-0.369004	-0.459898
630	0.3402	-0.676304	-0.370811	-0.462504
633	0.34182	-0.680182	-0.370811	-0.462504
636	0.34344	-0.680182	-0.372577	-0.465064
639	0.34506	-0.683998	-0.372577	-0.465064
642	0.34668	-0.683998	-0.3743	-0.467576
645	0.3483	-0.687754	-0.3743	-0.467576
648	0.34992	-0.687754	-0.375981	-0.47004
651	0.35154	-0.691448	-0.375981	-0.47004
654	0.35316	-0.691448	-0.37762	-0.472457
657	0.35478	-0.695082	-0.37762	-0.472457
660	0.3564	-0.695082	-0.379217	-0.474827
663	0.35802	-0.698655	-0.379217	-0.474827
666	0.35964	-0.698655	-0.380772	-0.477149
669	0.36126	-0.702168	-0.380772	-0.477149
672	0.36288	-0.702168	-0.382287	-0.479425
675	0.3645	-0.705619	-0.382287	-0.479425
678	0.36612	-0.705619	-0.38376	-0.481653
681	0.36774	-0.709012	-0.38376	-0.481653
684	0.36936	-0.709012	-0.385192	-0.483834
687	0.37098	-0.712345	-0.385192	-0.483834
690	0.3726	-0.712345	-0.386584	-0.485968
693	0.37422	-0.715619	-0.386584	-0.485968
696	0.37584	-0.715619	-0.387935	-0.488056
699	0.37746	-0.718833	-0.387935	-0.488056
702	0.37908	-0.718833	-0.389246	-0.490096
705	0.3807	-0.721989	-0.389246	-0.490096
708	0.38232	-0.721989	-0.390516	-0.49209
711	0.38394	-0.725087	-0.390516	-0.49209
714	0.38556	-0.725087	-0.391747	-0.494038
717	0.38718	-0.728125	-0.391747	-0.494038
720	0.3888	-0.728125	-0.392939	-0.495939
723	0.39042	-0.731107	-0.392939	-0.495939
726	0.39204	-0.731107	-0.394091	-0.497794
729	0.39366	-0.73403	-0.394091	-0.497794
732	0.39528	-0.73403	-0.395204	-0.499602
735	0.3969	-0.736895	-0.395204	-0.499602
738	0.39852	-0.736895	-0.396277	-0.501365
741	0.40014	-0.739704	-0.396277	-0.501365
744	0.40176	-0.739704	-0.397312	-0.503082
747	0.40338	-0.742457	-0.397312	-0.503082
750	0.405	-0.742457	-0.398309	-0.504753
753	0.40662	-0.745153	-0.398309	-0.504753
756	0.40824	-0.745153	-0.399267	-0.506379
759	0.40986	-0.747793	-0.399267	-0.506379
762	0.41148	-0.747793	-0.400187	-0.507959
765	0.4131	-0.750376	-0.400187	-0.507959
768	0.41472	-0.750376	-0.401069	-0.509494
771	0.41634	-0.752905	-0.401069	-0.509494
774	0.41796	-0.752905	-0.401913	-0.510984
777	0.41958	-0.755378	-0.401913	-0.510984
780	0.4212	-0.755378	-0.402719	-0.512429
783	0.42282	-0.757796	-0.402719	-0.512429
786	0.42444	-0.757796	-0.403488	-0.513829
789	0.42606	-0.760159	-0.403488	-0.513829
792	0.42768	-0.760159	-0.40422	-0.515185
795	0.4293	-0.762468	-0.40422	-0.515185
798	0.43092	-0.762468	-0.404915	-0.516496
801	0.43254	-0.764723	-0.404915	-0.516496
804	0.43416	-0.764723	-0.405572	-0.517762
807	0.43578	-0.766923	-0.405572	-0.517763
810	0.4374	-0.766923	-0.406193	-0.518985
813	0.43902	-0.76907	-0.406193	-0.518985
816	0.44064	-0.76907	-0.406778	-0.520164
819	0.44226	-0.771163	-0.406778	-0.520164
822	0.44388	-0.771163	-0.407325	-0.521298
825	0.4455	-0.773205	-0.407325	-0.521298
828	0.44712	-0.773205	-0.407836	-0.522389
831	0.44874	-0.775192	-0.407836	-0.522389
834	0.45036	-0.775192	-0.408311	-0.523437
837	0.45198	-0.777127	-0.408311	-0.523437
840	0.4536	-0.777127	-0.40875	-0.524441
843	0.45522	-0.77901	-0.40875	-0.524441
846	0.45684	-0.77901	-0.409153	-0.525401
849	0.45846	-0.78084	-0.409153	-0.525402
852	0.46008	-0.78084	-0.409519	-0.526319
855	0.4617	-0.782618	-0.409519	-0.526319
858	0.46332	-0.782618	-0.40985	-0.527193
861	0.46494	-0.784344	-0.40985	-0.527193
864	0.46656	-0.784344	-0.410144	-0.528025
867	0.46818	-0.786018	-0.410144	-0.528025
870	0.4698	-0.786018	-0.410403	-0.528813
873	0.47142	-0.787642	-0.410403	-0.528813
876	0.47304	-0.787642	-0.410625	-0.529559
879	0.47466	-0.789201	-0.410608	-0.529559
882	0.47628	-0.789201	-0.410608	-0.530212
885	0.4779	-0.789884	-0.409742	-0.530212
888	0.47952	-0.789884	-0.409742	-0.531046
891	0.48114	-0.791887	-0.408764	-0.531046
894	0.48276	-0.791887	-0.408764	-0.531912
897	0.48438	-0.79322	-0.40779	-0.531912
900	0.486	-0.79322	-0.40779	-0.532695
903	0.48762	-0.794511	-0.406952	-0.532695
906	0.48924	-0.794511	-0.406952	-0.533382
909	0.49086	-0.795535	-0.406219	-0.533382
912	0.49248	-0.795535	-0.406219	-0.533989
915	0.4941	-0.796538	-0.405559	-0.533989
918	0.49572	-0.796538	-0.405559	-0.534542
921	0.49734	-0.79752	-0.404941	-0.534542
924	0.49896	-0.79752	-0.404941	-0.535052
927	0.50058	-0.798518	-0.404351	-0.535052
930	0.5022	-0.798518	-0.404351	-0.535525
933	0.50382	-0.799517	-0.403785	-0.535525
936	0.50544	-0.799517	-0.403745	-0.535951
939	0.50706	-0.800703	-0.403637	-0.535951
942	0.50868	-0.800703	-0.403637	-0.53624
945	0.5103	-0.801136	-0.403151	-0.53624
948	0.51192	-0.801136	-0.402893	-0.536523
951	0.51354	-0.802134	-0.402562	-0.536523
954	0.51516	-0.802134	-0.402562	-0.536828
957	0.51678	-0.803108	-0.402075	-0.536828
960	0.5184	-0.803108	-0.401716	-0.537037
963	0.52002	-0.80365	-0.401287	-0.537037
966	0.52164	-0.80365	-0.401239	-0.53728
969	0.52326	-0.805049	-0.40123	-0.53728
972	0.52488	-0.805049	-0.40123	-0.537408
975	0.5265	-0.805446	-0.400847	-0.537408
978	0.52812	-0.805446	-0.400378	-0.537458
981	0.52974	-0.8059	-0.399901	-0.537458
984	0.53136	-0.8059	-0.399664	-0.537578
987	0.53298	-0.807084	-0.399546	-0.537578
990	0.5346	-0.807084	-0.399546	-0.537646
993	0.53622	-0.807763	-0.399235	-0.537646
996	0.53784	-0.807763	-0.3988	-0.537646
999	0.53946	-0.808136	-0.398385	-0.537646
1002	0.54108	-0.808136	-0.398097	-0.537646
1005	0.5427	-0.809121	-0.398005	-0.537646
1008	0.54432	-0.809121	-0.398005	-0.537646
1011	0.54594	-0.809891	-0.397751	-0.537646
1014	0.54756	-0.809891	-0.397411	-0.537646
1017	0.54918	-0.810478	-0.397119	-0.537646
1020	0.5508	-0.810478	-0.396968	-0.537646
1023	0.55242	-0.811562	-0.396968	-0.537646
1026	0.55404	-0.811562	-0.396679	-0.537646
1029	0.55566	-0.811855	-0.396289	-0.537646
1032	0.55728	-0.811855	-0.395935	-0.537646
1035	0.5589	-0.812822	-0.395729	-0.537646
1038	0.56052	-0.812822	-0.395729	-0.537646
1041	0.56214	-0.81375	-0.39549	-0.537646
1044	0.56376	-0.81375	-0.395175	-0.537646
1047	0.56538	-0.814302	-0.394916	-0.537646
1050	0.567	-0.814302	-0.394805	-0.537646
1053	0.56862	-0.815408	-0.394805	-0.537647
1056	0.57024	-0.815408	-0.394516	-0.537647
1059	0.57186	-0.815679	-0.394125	-0.537647
1062	0.57348	-0.815679	-0.393768	-0.537647
1065	0.5751	-0.816632	-0.393565	-0.537647
1068	0.57672	-0.816632	-0.393565	-0.537647
1071	0.57834	-0.817553	-0.393335	-0.537647
1074	0.57996	-0.817553	-0.393025	-0.537647
1077	0.58158	-0.818085	-0.392768	-0.537647
1080	0.5832	-0.818085	-0.392655	-0.537647
1083	0.58482	-0.819175	-0.392655	-0.537647
1086	0.58644	-0.819175	-0.392379	-0.537647
1089	0.58806	-0.819454	-0.391991	-0.537647
1092	0.58968	-0.819454	-0.391638	-0.537647
1095	0.5913	-0.820382	-0.391439	-0.537647
1098	0.59292	-0.820382	-0.391439	-0.537647
1101	0.59454	-0.821299	-0.391222	-0.537647
1104	0.59616	-0.821299	-0.390924	-0.537647
1107	0.59778	-0.82182	-0.39067	-0.537647
1110	0.5994	-0.82182	-0.390547	-0.537647
1113	0.60102	-0.82288	-0.390547	-0.537647
1116	0.60264	-0.82288	-0.390287	-0.537647
1119	0.60426	-0.823182	-0.389913	-0.537647
1122	0.60588	-0.823182	-0.389571	-0.537647
1125	0.6075	-0.824083	-0.389373	-0.537647
1128	0.60912	-0.824083	-0.389368	-0.537647
1131	0.61074	-0.825099	-0.389368	-0.537647
1134	0.61236	-0.825099	-0.389102	-0.537647
1137	0.61398	-0.825397	-0.388719	-0.537647
1140	0.6156	-0.825397	-0.388365	-0.537647
1143	0.61722	-0.826273	-0.388153	-0.537647
1146	0.61884	-0.826273	-0.388132	-0.537647
1149	0.62046	-0.827275	-0.388132	-0.537647
1152	0.62208	-0.827275	-0.387878	-0.537647
1155	0.6237	-0.827589	-0.387509	-0.537647
1158	0.62532	-0.827589	-0.387164	-0.537647
1161	0.62694	-0.828444	-0.38695	-0.537647
1164	0.62856	-0.828444	-0.386913	-0.537647
1167	0.63018	-0.829429	-0.386913	-0.537647
1170	0.6318	-0.829429	-0.38667	-0.537647
1173	0.63342	-0.829764	-0.386316	-0.537647
1176	0.63504	-0.829764	-0.38598	-0.537647
1179	0.63666	-0.830602	-0.385767	-0.537647
1182	0.63828	-0.830602	-0.385721	-0.537647
1185	0.6399	-0.831573	-0.385721	-0.537647
1188	0.64152	-0.831573	-0.385487	-0.537647
1191	0.64314	-0.831925	-0.385146	-0.537647
1194	0.64476	-0.831925	-0.384819	-0.537647
1197	0.64638	-0.832751	-0.384609	-0.537647
1200	0.648	-0.832751	-0.384555	-0.537647
1203	0.64962	-0.833709	-0.384555	-0.537646
1206	0.65124	-0.833709	-0.384331	-0.537646
1209	0.65286	-0.834078	-0.384001	-0.537646
1212	0.65448	-0.834078	-0.383685	-0.537646
1215	0.6561	-0.834895	-0.383478	-0.537646
1218	0.65772	-0.834895	-0.383422	-0.537646
1221	0.65934	-0.835844	-0.383422	-0.537646
1224	0.66096	-0.835844	-0.383205	-0.537646
1227	0.66258	-0.836228	-0.382887	-0.537646
1230	0.6642	-0.836228	-0.382581	-0.537646
1233	0.66582	-0.837038	-0.38238	-0.537646
1236	0.66744	-0.837038	-0.382323	-0.537646
1239	0.66906	-0.838118	-0.382323	-0.537604
1242	0.67068	-0.838118	-0.382154	-0.537604
1245	0.6723	-0.838967	-0.381727	-0.537431
1248	0.67392	-0.838967	-0.381489	-0.537431
1251	0.67554	-0.840015	-0.381244	-0.537267
1254	0.67716	-0.840015	-0.381244	-0.537267
1257	0.67878	-0.841645	-0.380701	-0.53687
1260	0.6804	-0.841645	-0.380629	-0.53687
1263	0.68202	-0.842516	-0.380575	-0.536623
1266	0.68364	-0.842516	-0.380575	-0.536623
1269	0.68526	-0.844034	-0.379853	-0.536093
1272	0.68688	-0.844034	-0.379853	-0.536093
1275	0.6885	-0.845613	-0.379146	-0.535516
1278	0.69012	-0.845613	-0.379146	-0.535516
1281	0.69174	-0.846931	-0.378393	-0.53489
1284	0.69336	-0.846931	-0.378393	-0.53489
1287	0.69498	-0.848303	-0.377591	-0.534203
1290	0.6966	-0.848303	-0.377591	-0.534203
1293	0.69822	-0.849631	-0.37674	-0.533459
1296	0.69984	-0.849631	-0.37674	-0.533459
1299	0.70146	-0.850979	-0.375839	-0.532656
1302	0.70308	-0.850979	-0.375839	-0.532656
1305	0.7047	-0.852327	-0.374888	-0.531794
1308	0.70632	-0.852327	-0.374888	-0.531794
1311	0.70794	-0.85369	-0.373887	-0.530874
1314	0.70956	-0.85369	-0.373887	-0.530874
1317	0.71118	-0.855062	-0.372836	-0.529895
1320	0.7128	-0.855062	-0.372836	-0.529895
1323	0.71442	-0.856447	-0.371735	-0.528858
1326	0.71604	-0.856447	-0.371735	-0.528858
1329	0.71766	-0.857842	-0.370585	-0.527764
1332	0.71928	-0.857842	-0.370585	-0.527764
1335	0.7209	-0.859248	-0.369386	-0.526612
1338	0.72252	-0.859248	-0.369386	-0.526612
1341	0.72414	-0.860666	-0.368136	-0.525403
1344	0.72576	-0.860666	-0.368136	-0.525403
1347	0.72738	-0.862093	-0.366838	-0.524137
1350	0.729	-0.862093	-0.366838	-0.524137
1353	0.73062	-0.863531	-0.36549	-0.522814
1356	0.73224	-0.863531	-0.36549	-0.522814
1359	0.73386	-0.864978	-0.364094	-0.521435
1362	0.73548	-0.864978	-0.364094	-0.521435
1365	0.7371	-0.866436	-0.362648	-0.52
1368	0.73872	-0.866436	-0.362648	-0.52
1371	0.74034	-0.867901	-0.361152	-0.518508
1374	0.74196	-0.867901	-0.361152	-0.518508
1377	0.74358	-0.869375	-0.359608	-0.516961
1380	0.7452	-0.869375	-0.359608	-0.516961
1383	0.74682	-0.87086	-0.358014	-0.515357
1386	0.74844	-0.87086	-0.358014	-0.515357
1389	0.75006	-0.872351	-0.356371	-0.513699
1392	0.75168	-0.872351	-0.356371	-0.513699
1395	0.7533	-0.87385	-0.354679	-0.511985
1398	0.75492	-0.87385	-0.354679	-0.511985
1401	0.75654	-0.875356	-0.352938	-0.510215
1404	0.75816	-0.875356	-0.352938	-0.510215
1407	0.75978	-0.876871	-0.351147	-0.508391
1410	0.7614	-0.876871	-0.351147	-0.508391
1413	0.76302	-0.878391	-0.349307	-0.506512
1416	0.76464	-0.878391	-0.349307	-0.506512
1419	0.76626	-0.879918	-0.347417	-0.504578
1422	0.76788	-0.879918	-0.347417	-0.504578
1425	0.7695	-0.88145	-0.345478	-0.502589
1428	0.77112	-0.88145	-0.345478	-0.502589
1431	0.77274	-0.882989	-0.34349	-0.500546
1434	0.77436	-0.882989	-0.34349	-0.500546
1437	0.77598	-0.884533	-0.341451	-0.498449
1440	0.7776	-0.884533	-0.341451	-0.498449
1443	0.77922	-0.88608	-0.339363	-0.496298
1446	0.78084	-0.88608	-0.339363	-0.496298
1449	0.78246	-0.887633	-0.337225	-0.494093
1452	0.78408	-0.887633	-0.337225	-0.494093
1455	0.7857	-0.889189	-0.335037	-0.491834
1458	0.78732	-0.889189	-0.335037	-0.491834
1461	0.78894	-0.890749	-0.332799	-0.489522
1464	0.79056	-0.890749	-0.332799	-0.489522
1467	0.79218	-0.892312	-0.330511	-0.487156
1470	0.7938	-0.892312	-0.330511	-0.487156
1473	0.79542	-0.893878	-0.328173	-0.484738
1476	0.79704	-0.893878	-0.328173	-0.484738
1479	0.79866	-0.895445	-0.325785	-0.482266
1482	0.80028	-0.895445	-0.325785	-0.482266
1485	0.8019	-0.897014	-0.323347	-0.479742
1488	0.80352	-0.897014	-0.323347	-0.479742
1491	0.80514	-0.898586	-0.320859	-0.477166
1494	0.80676	-0.898586	-0.320859	-0.477166
1497	0.80838	-0.900157	-0.31832	-0.474538
1500	0.81	-0.900157	-0.31832	-0.474538
1503	0.81162	-0.901729	-0.315731	-0.471858
1506	0.81324	-0.901729	-0.315731	-0.471858
1509	0.81486	-0.903301	-0.313092	-0.469126
1512	0.81648	-0.903301	-0.313092	-0.469126
1515	0.8181	-0.904871	-0.310402	-0.466343
1518	0.81972	-0.904871	-0.310402	-0.466343
1521	0.82134	-0.90644	-0.307662	-0.463509
1524	0.82296	-0.90644	-0.307662	-0.463509
1527	0.82458	-0.908009	-0.304872	-0.460625
1530	0.8262	-0.908009	-0.304872	-0.460625
1533	0.82782	-0.909574	-0.302032	-0.45769
1536	0.82944	-0.909574	-0.302032	-0.45769
1539	0.83106	-0.911138	-0.299141	-0.454706
1542	0.83268	-0.911138	-0.299141	-0.454706
1545	0.8343	-0.912697	-0.2962	-0.451671
1548	0.83592	-0.912697	-0.2962	-0.451671
1551	0.83754	-0.914253	-0.293208	-0.448588
1554	0.83916	-0.914253	-0.293208	-0.448588
1557	0.84078	-0.915804	-0.290167	-0.445456
1560	0.8424	-0.915804	-0.290167	-0.445456
1563	0.84402	-0.917352	-0.287075	-0.442275
1566	0.84564	-0.917352	-0.287075	-0.442275
1569	0.84726	-0.918893	-0.283934	-0.439047
1572	0.84888	-0.918893	-0.283934	-0.439047
1575	0.8505	-0.920428	-0.280742	-0.435771
1578	0.85212	-0.920428	-0.280742	-0.435771
1581	0.85374	-0.921957	-0.277501	-0.432448
1584	0.85536	-0.921957	-0.277501	-0.432448
1587	0.85698	-0.923479	-0.27421	-0.429078
1590	0.8586	-0.923479	-0.27421	-0.429078
1593	0.86022	-0.92499	-0.270869	-0.425663
1596	0.86184	-0.92499	-0.270869	-0.425663
1599	0.86346	-0.926494	-0.267476	-0.422202
1602	0.86508	-0.926494	-0.267476	-0.422202
1605	0.8667	-0.927989	-0.264034	-0.418697
1608	0.86832	-0.927989	-0.264034	-0.418697
1611	0.86994	-0.929474	-0.26054	-0.415148
1614	0.87156	-0.929474	-0.26054	-0.415148
1617	0.87318	-0.930949	-0.256994	-0.411555
1620	0.8748	-0.930949	-0.256994	-0.411555
1623	0.87642	-0.932414	-0.253397	-0.407919
1626	0.87804	-0.932414	-0.253397	-0.407918
1629	0.87966	-0.933866	-0.24975	-0.404239
1632	0.88128	-0.933866	-0.24975	-0.404239
1635	0.8829	-0.935307	-0.246052	-0.400518
1638	0.88452	-0.935307	-0.246052	-0.400518
1641	0.88614	-0.936734	-0.242303	-0.396755
1644	0.88776	-0.936734	-0.242303	-0.396754
1647	0.88938	-0.938148	-0.238505	-0.39295
1650	0.891	-0.938148	-0.238505	-0.39295
1653	0.89262	-0.939548	-0.234657	-0.389105
1656	0.89424	-0.939548	-0.234657	-0.389105
1659	0.89586	-0.940934	-0.230759	-0.38522
1662	0.89748	-0.940934	-0.230759	-0.38522
1665	0.8991	-0.942305	-0.226813	-0.381296
1668	0.90072	-0.942305	-0.226813	-0.381296
1671	0.90234	-0.94366	-0.222817	-0.377333
1674	0.90396	-0.94366	-0.222817	-0.377333
1677	0.90558	-0.944998	-0.218773	-0.373331
1680	0.9072	-0.944998	-0.218773	-0.373331
1683	0.90882	-0.94632	-0.214681	-0.369292
1686	0.91044	-0.94632	-0.214681	-0.369292
1689	0.91206	-0.947625	-0.210542	-0.365216
1692	0.91368	-0.947625	-0.210542	-0.365216
1695	0.9153	-0.948912	-0.206354	-0.361103
1698	0.91692	-0.948912	-0.206354	-0.361103
1701	0.91854	-0.950181	-0.20212	-0.356954
1704	0.92016	-0.950181	-0.20212	-0.356954
1707	0.92178	-0.951431	-0.197839	-0.352771
1710	0.9234	-0.951431	-0.197839	-0.352771
1713	0.92502	-0.952662	-0.193512	-0.348552
1716	0.92664	-0.952662	-0.193512	-0.348552
1719	0.92826	-0.953873	-0.189139	-0.3443
1722	0.92988	-0.953873	-0.189139	-0.3443
1725	0.9315	-0.955064	-0.18472	-0.340014
1728	0.93312	-0.955064	-0.18472	-0.340014
1731	0.93474	-0.956233	-0.180256	-0.335695
1734	0.93636	-0.956233	-0.180256	-0.335695
1737	0.93798	-0.957382	-0.175748	-0.331344
1740	0.9396	-0.957382	-0.175748	-0.331344
1743	0.94122	-0.958508	-0.171195	-0.326962
1746	0.94284	-0.958508	-0.171195	-0.326962
1749	0.94446	-0.959614	-0.166598	-0.322549
1752	0.94608	-0.959614	-0.166598	-0.322549
1755	0.9477	-0.960697	-0.161958	-0.318105
1758	0.94932	-0.960697	-0.161958	-0.318105
1761	0.95094	-0.961755	-0.157276	-0.313632
1764	0.95256	-0.961755	-0.157276	-0.313632
1767	0.95418	-0.962792	-0.15255	-0.309129
1770	0.9558	-0.962792	-0.15255	-0.309129
1773	0.95742	-0.963803	-0.147783	-0.304598
1776	0.95904	-0.963803	-0.147783	-0.304598
1779	0.96066	-0.964792	-0.142975	-0.30004
1782	0.96228	-0.964792	-0.142975	-0.30004
1785	0.9639	-0.965755	-0.138125	-0.295454
1788	0.96552	-0.965755	-0.138125	-0.295453
1791	0.96714	-0.966693	-0.133235	-0.290841
1794	0.96876	-0.966693	-0.133235	-0.290841
1797	0.97038	-0.967606	-0.128305	-0.286202
1800	0.972	-0.967606	-0.128305	-0.286202
1803	0.97362	-0.968492	-0.123335	-0.281537
1806	0.97524	-0.968492	-0.123335	-0.281537
1809	0.97686	-0.969354	-0.118326	-0.276848
1812	0.97848	-0.969354	-0.118326	-0.276848
1815	0.9801	-0.970188	-0.113279	-0.272134
1818	0.98172	-0.970188	-0.113279	-0.272134
1821	0.98334	-0.970996	-0.108193	-0.267397
1824	0.98496	-0.970996	-0.108193	-0.267397
1827	0.98658	-0.971776	-0.103071	-0.262636
1830	0.9882	-0.971776	-0.103071	-0.262636
1833	0.98982	-0.97253	-0.0979107	-0.257852
1836	0.99144	-0.97253	-0.0979107	-0.257852
1839	0.99306	-0.973255	-0.0927142	-0.253047
1842	0.99468	-0.973255	-0.0927142	-0.253047
1845	0.9963	-0.973953	-0.0874815	-0.248219
1848	0.99792	-0.973953	-0.0874815	-0.248219
1851	0.99954	-0.974621	-0.0822134	-0.243371
1854	1.00116	-0.974621	-0.0822134	-0.243371
1857	1.00278	-0.975263	-0.07691	-0.238501
1860	1.0044	-0.975263	-0.07691	-0.238501
1863	1.00602	-0.975874	-0.0715721	-0.233612
1866	1.00764	-0.975874	-0.0715721	-0.233587
1869	1.00926	-0.975874	-0.072095	-0.233586
1872	1.01088	-0.975874	-0.072095	-0.229943
1875	1.0125	-0.975874	-0.0762665	-0.229943
1878	1.01412	-0.983788	-0.0745224	-0.224648
1881	1.01574	-0.983788	-0.0745224	-0.22295
1884	1.01736	-0.983788	-0.0763954	-0.22295
1887	1.01898	-0.985012	-0.0750981	-0.218601
1890	1.0206	-0.985012	-0.0750981	-0.217592
1893	1.02222	-0.985012	-0.076054	-0.217592
1896	1.02384	-0.985981	-0.0743885	-0.213336
1899	1.02546	-0.985981	-0.0743885	-0.212453
1902	1.02708	-0.985981	-0.0751806	-0.212453
1905	1.0287	-0.988195	-0.073109	-0.208034
1908	1.03032	-0.988195	-0.073109	-0.207077
1911	1.03194	-0.988195	-0.0740025	-0.207077
1914	1.03356	-0.991144	-0.0717843	-0.202531
1917	1.03518	-0.991144	-0.0717843	-0.201477
1920	1.0368	-0.991144	-0.0728001	-0.201477
1923	1.03842	-0.994327	-0.0705803	-0.196869
1926	1.04004	-0.994327	-0.0705803	-0.195743
1929	1.04166	-0.994327	-0.0716791	-0.195743
1932	1.04328	-0.997535	-0.0695022	-0.191107
1935	1.0449	-0.997535	-0.0695022	-0.189932
1938	1.04652	-0.997535	-0.0706518	-0.189932
1941	1.04814	-1.00073	-0.0685202	-0.18528
1944	1.04976	-1.00073	-0.0685202	-0.184068
1947	1.05138	-1.00073	-0.0697046	-0.184068
1950	1.053	-1.00392	-0.0676129	-0.179405
1953	1.05462	-1.00392	-0.0676129	-0.17816
1956	1.05624	-1.00392	-0.0688255	-0.17816
1959	1.05786	-1.00712	-0.06677	-0.173485
1962	1.05948	-1.00712	-0.06677	-0.17221
1965	1.0611	-1.00712	-0.0680076	-0.17221
1968	1.06272	-1.01035	-0.0659876	-0.167525
1971	1.06434	-1.01035	-0.0659876	-0.166222
1974	1.06596	-1.01035	-0.0672475	-0.166222
1977	1.06758	-1.01359	-0.0652633	-0.161527
1980	1.0692	-1.01359	-0.0652633	-0.160198
1983	1.07082	-1.01359	-0.0665429	-0.160198
1986	1.07244	-1.01686	-0.0645949	-0.155495
1989	1.07406	-1.01686	-0.0645949	-0.154142
1992	1.07568	-1.01686	-0.0658915	-0.154142
1995	1.0773	-1.02014	-0.0639794	-0.149431
1998	1.07892	-1.02014	-0.0639794	-0.148056
2001	1.08054	-1.02014	-0.0652905	-0.148056
2004	1.08216	-1.02344	-0.0634143	-0.143338
2007	1.08378	-1.02344	-0.0634143	-0.141943
2010	1.0854	-1.02344	-0.0647377	-0.141943
2013	1.08702	-1.02675	-0.0628963	-0.137219
2016	1.08864	-1.02675	-0.0628963	-0.135805
2019	1.09026	-1.02675	-0.0642299	-0.135805
2022	1.09188	-1.03007	-0.0624235	-0.131076
2025	1.0935	-1.03007	-0.0624235	-0.129644
2028	1.09512	-1.03007	-0.0637655	-0.129644
2031	1.09674	-1.0334	-0.0619928	-0.124909
2034	1.09836	-1.0334	-0.0619928	-0.123462
2037	1.09998	-1.0334	-0.0633412	-0.123462
2040	1.1016	-1.03674	-0.0616016	-0.118722
2043	1.10322	-1.03674	-0.0616016	-0.117261
2046	1.10484	-1.03674	-0.0629549	-0.117261
2049	1.10646	-1.04009	-0.0612476	-0.112515
2052	1.10808	-1.04009	-0.0612477	-0.111041
2055	1.1097	-1.04009	-0.0626041	-0.111041
2058	1.11132	-1.04343	-0.0609284	-0.10629
2061	1.11294	-1.04343	-0.0609284	-0.104804
2064	1.11456	-1.04343	-0.0622867	-0.104804
2067	1.11618	-1.04678	-0.0606414	-0.100048
2070	1.1178	-1.04678	-0.0606414	-0.0985516
2073	1.11942	-1.04678	-0.0620001	-0.0985515
2076	1.12104	-1.05013	-0.0603843	-0.0937909
2079	1.12266	-1.05013	-0.0603843	-0.0922845
2082	1.12428	-1.05013	-0.0617422	-0.0922845
2085	1.1259	-1.05348	-0.0601554	-0.0875189
2088	1.12752	-1.05348	-0.0601554	-0.086004
2091	1.12914	-1.05348	-0.0615111	-0.086004
2094	1.13076	-1.05682	-0.0599521	-0.0812331
2097	1.13238	-1.05682	-0.0599521	-0.0797108
2100	1.134	-1.05682	-0.0613046	-0.0797108
2103	1.13562	-1.06015	-0.0597722	-0.0749346
2106	1.13724	-1.06015	-0.0597722	-0.0734059
2109	1.13886	-1.06015	-0.0611203	-0.0734058
2112	1.14048	-1.06348	-0.0596139	-0.0686242
2115	1.1421	-1.06348	-0.0596139	-0.0670899
2118	1.14372	-1.06348	-0.0609567	-0.0670899
2121	1.14534	-1.06679	-0.0594758	-0.0623028
2124	1.14696	-1.06679	-0.0594758	-0.060764
2127	1.14858	-1.06679	-0.0608121	-0.060764
2130	1.1502	-1.0701	-0.0593556	-0.0559713
2133	1.15182	-1.0701	-0.0593556	-0.0544287
2136	1.15344	-1.0701	-0.0606846	-0.0544287
2139	1.15506	-1.07339	-0.0592516	-0.0496303
2142	1.15668	-1.07339	-0.0592516	-0.0480847
2145	1.1583	-1.07339	-0.0605723	-0.0480846
2148	1.15992	-1.07666	-0.0591619	-0.0432804
2151	1.16154	-1.07666	-0.0591619	-0.0417327
2154	1.16316	-1.07666	-0.0604735	-0.0417326
2157	1.16478	-1.07991	-0.059085	-0.0369225
2160	1.1664	-1.07991	-0.059085	-0.0353734
2163	1.16802	-1.07991	-0.0603866	-0.0353733
2166	1.16964	-1.08315	-0.0590192	-0.0305571
2169	1.17126	-1.08315	-0.0590192	-0.0290074
2172	1.17288	-1.08315	-0.06031	-0.0290073
2175	1.1745	-1.08636	-0.0589627	-0.024185
2178	1.17612	-1.08636	-0.0589627	-0.0226353
2181	1.17774	-1.08636	-0.0602419	-0.0226353
2184	1.17936	-1.08955	-0.0589145	-0.0178069
2187	1.18098	-1.08955	-0.0589145	-0.016258
2190	1.1826	-1.08955	-0.0601814	-0.0162579
2193	1.18422	-1.09272	-0.0588729	-0.0114234
2196	1.18584	-1.09272	-0.0588729	-0.009876
2199	1.18746	-1.09272	-0.0601268	-0.00987596
2202	1.18908	-1.09585	-0.0588365	-0.00503524
2205	1.1907	-1.09585	-0.0588365	-0.00349001
2208	1.19232	-1.09585	-0.0600766	-0.00348997
2211	1.19394	-1.09896	-0.0588041	0.00135681
2214	1.19556	-1.09896	-0.0588041	0.00289921
2217	1.19718	-1.09896	-0.0600297	0.00289925
2220	1.1988	-1.10203	-0.0587739	0.00775218
2223	1.20042	-1.10203	-0.0587739	0.00929106
2226	1.20204	-1.10203	-0.0599843	0.0092911
2229	1.20366	-1.10507	-0.0587451	0.0141499
2232	1.20528	-1.10507	-0.0587451	0.0156846
2235	1.2069	-1.10507	-0.0599396	0.0156846
2238	1.20852	-1.10807	-0.0587164	0.0205491
2241	1.21014	-1.10807	-0.0587164	0.022079
2244	1.21176	-1.10807	-0.0598942	0.0220791
2247	1.21338	-1.11103	-0.0586862	0.0269492
2250	1.215	-1.11103	-0.0586862	0.0284736
2253	1.21662	-1.11103	-0.0598468	0.0284737
2256	1.21824	-1.11395	-0.0586538	0.0333491
2259	1.21986	-1.11395	-0.0586538	0.0348674
2262	1.22148	-1.11395	-0.0597964	0.0348675
2265	1.2231	-1.11682	-0.058618	0.0397479
2268	1.22472	-1.11682	-0.058618	0.0412593
2271	1.22634	-1.11682	-0.0597419	0.0412594
2274	1.22796	-1.11965	-0.0585773	0.0461445
2277	1.22958	-1.11965	-0.0585773	0.0476486
2280	1.2312	-1.11965	-0.0596819	0.0476486
2283	1.23282	-1.12243	-0.0585312	0.052538
2286	1.23444	-1.12243	-0.0585312	0.0540339
2289	1.23606	-1.12243	-0.0596157	0.0540339
2292	1.23768	-1.12516	-0.058478	0.0589272
2295	1.2393	-1.12516	-0.058478	0.0604142
2298	1.24092	-1.12516	-0.0595417	0.0604143
2301	1.24254	-1.12784	-0.0584172	0.0653109
2304	1.24416	-1.12784	-0.0584172	0.0667884
2307	1.24578	-1.12784	-0.0594593	0.0667884
2310	1.2474	-1.13046	-0.0583476	0.0716878
2313	1.24902	-1.13046	-0.0583476	0.073155
2316	1.25064	-1.13046	-0.0593675	0.0731551
2319	1.25226	-1.13302	-0.058268	0.0780567
2322	1.25388	-1.13302	-0.058268	0.079513
2325	1.2555	-1.13302	-0.059265	0.079513
2328	1.25712	-1.13552	-0.0581774	0.0844163
2331	1.25874	-1.13552	-0.0581774	0.0858609
2334	1.26036	-1.13552	-0.0591506	0.0858609
2337	1.26198	-1.13796	-0.0580754	0.0907649
2340	1.2636	-1.13796	-0.0580754	0.0921969
2343	1.26522	-1.13796	-0.059024	0.092197
2346	1.26684	-1.14033	-0.0579607	0.0971009
2349	1.26846	-1.14033	-0.0579607	0.0985197
2352	1.27008	-1.14033	-0.058884	0.0985197
2355	1.2717	-1.14263	-0.057832	0.103423
2358	1.27332	-1.14263	-0.057832	0.104828
2361	1.27494	-1.14263	-0.0587292	0.104828
2364	1.27656	-1.14486	-0.057689	0.109729
2367	1.27818	-1.14486	-0.057689	0.111119
2370	1.2798	-1.14486	-0.0585593	0.111119
2373	1.28142	-1.14702	-0.0575304	0.116018
2376	1.28304	-1.14702	-0.0575304	0.117393
2379	1.28466	-1.14702	-0.0583729	0.117393
2382	1.28628	-1.1491	-0.0573556	0.122288
2385	1.2879	-1.1491	-0.0573556	0.123646
2388	1.28952	-1.1491	-0.0581695	0.123646
2391	1.29114	-1.15111	-0.0571632	0.128537
2394	1.29276	-1.15111	-0.0571632	0.129877
2397	1.29438	-1.15111	-0.0579476	0.129877
2400	1.296	-1.15303	-0.0569527	0.134762
2403	1.29762	-1.15303	-0.0569527	0.136085
2406	1.29924	-1.15303	-0.0577067	0.136085
2409	1.30086	-1.15487	-0.0567234	0.140963
2412	1.30248	-1.15487	-0.0567235	0.142266
2415	1.3041	-1.15487	-0.0574462	0.142266
2418	1.30572	-1.15663	-0.0564739	0.147136
2421	1.30734	-1.15663	-0.0564739	0.14842
2424	1.30896	-1.15663	-0.0571646	0.14842
2427	1.31058	-1.1583	-0.0562033	0.153281
2430	1.3122	-1.1583	-0.0562033	0.154543
2433	1.31382	-1.1583	-0.056861	0.154543
2436	1.31544	-1.15988	-0.0559107	0.159394
2439	1.31706	-1.15988	-0.0559107	0.160635
2442	1.31868	-1.15988	-0.0565345	0.160635
2445	1.3203	-1.16136	-0.0555957	0.165474
2448	1.32192	-1.16136	-0.0555957	0.166692
2451	1.32354	-1.16136	-0.0561847	0.166692
2454	1.32516	-1.16275	-0.0552571	0.171518
2457	1.32678	-1.16275	-0.0552571	0.172713
2460	1.3284	-1.16275	-0.0558104	0.172713
2463	1.33002	-1.16405	-0.0548939	0.177525
2466	1.33164	-1.16405	-0.0548939	0.178695
2469	1.33326	-1.16405	-0.0554106	0.178695
2472	1.33488	-1.16525	-0.0545054	0.183492
2475	1.3365	-1.16525	-0.0545054	0.184637
2478	1.33812	-1.16525	-0.0549847	0.184637
2481	1.33974	-1.16634	-0.0540908	0.189416
2484	1.34136	-1.16634	-0.0540908	0.190535
2487	1.34298	-1.16634	-0.0545317	0.190535
2490	1.3446	-1.16734	-0.0536492	0.195296
2493	1.34622	-1.16734	-0.0536492	0.191939
2496	1.34784	-1.16734	-0.0496062	0.191939
2499	1.34946	-1.16734	-0.0496062	0.195336
2502	1.35108	-1.16734	-0.0565788	0.191952
2505	1.3527	-1.1709	-0.057123	0.191952
2508	1.35432	-1.1709	-0.057123	0.196925
2511	1.35594	-1.1709	-0.0679734	0.191937
2514	1.35756	-1.18072	-0.0679734	0.191937
2517	1.35918	-1.18072	-0.0588864	0.199699
2520	1.3608	-1.18072	-0.0588864	0.191909
2523	1.36242	-1.18072	-0.0498081	0.191909
2526	1.36404	-1.18072	-0.049808	0.194293
2529	1.36566	-1.18072	-0.0542272	0.191962
2532	1.36728	-1.18072	-0.0542272	0.191962
2535	1.3689	-1.19193	-0.0433848	0.200674
2538	1.37052	-1.19193	-0.0433849	0.1919
2541	1.37214	-1.19193	-0.0333126	0.1919
2544	1.37376	-1.19193	-0.0333125	0.194156
2547	1.37538	-1.19193	-0.0375993	0.191964
2550	1.377	-1.19193	-0.0375993	0.191964
2553	1.37862	-1.19966	-0.0267359	0.200786
2556	1.38024	-1.19966	-0.0267359	0.191899
2559	1.38186	-1.19966	-0.0165426	0.191899
2562	1.38348	-1.19966	-0.0165426	0.194234
2565	1.3851	-1.19966	-0.0211932	0.191963
2568	1.38672	-1.19966	-0.02126	0.191963
2571	1.38834	-1.19966	-0.02126	0.197374
2574	1.38996	-1.19966	-0.033907	0.191933
2577	1.39158	-1.20662	-0.0343497	0.191933
2580	1.3932	-1.20662	-0.0343497	0.197513
2583	1.39482	-1.20662	-0.0471461	0.191931
2586	1.39644	-1.21591	-0.0471461	0.191931
2589	1.39806	-1.21591	-0.0369661	0.200639
2592	1.39968	-1.21591	-0.0369661	0.1919
2595	1.4013	-1.21591	-0.0269191	0.1919
2598	1.40292	-1.21591	-0.0269191	0.194518
2601	1.40454	-1.21591	-0.0321203	0.19196
2604	1.40616	-1.21591	-0.032923	0.19196
2607	1.40778	-1.21591	-0.032923	0.197847
2610	1.4094	-1.21591	-0.0465374	0.191928
2613	1.41102	-1.22616	-0.0465374	0.191928
2616	1.41264	-1.22616	-0.0361008	0.200871
2619	1.41426	-1.22616	-0.0361009	0.191898
2622	1.41588	-1.22616	-0.0258094	0.191898
2625	1.4175	-1.22616	-0.0258094	0.194602
2628	1.41912	-1.22616	-0.0312195	0.191959
2631	1.42074	-1.22616	-0.032219	0.191959
2634	1.42236	-1.22616	-0.032219	0.19806
2637	1.42398	-1.22616	-0.0463747	0.191926
2640	1.4256	-1.23685	-0.0463747	0.191926
2643	1.42722	-1.23685	-0.0356975	0.201089
2646	1.42884	-1.23685	-0.0356975	0.191896
2649	1.43046	-1.23685	-0.0251748	0.191896
2652	1.43208	-1.23685	-0.0249936	0.194735
2655	1.4337	-1.23685	-0.0249936	0.191958
2658	1.43532	-1.23685	-0.0217342	0.191958
2661	1.43694	-1.23685	-0.0186284	0.197835
2664	1.43856	-1.23685	-0.0186284	0.191928
2667	1.44018	-1.23685	-0.0118767	0.191928
2670	1.4418	-1.23685	-0.0100457	0.196434
2673	1.44342	-1.23685	-0.0100458	0.191942
2676	1.44504	-1.23685	-0.00485878	0.191942
2679	1.44666	-1.23685	-0.00219003	0.197186
2682	1.44828	-1.23685	-0.00219004	0.191934
2685	1.4499	-1.23685	0.00385402	0.191934
2688	1.45152	-1.23685	0.00632199	0.196892
2691	1.45314	-1.23685	0.00632197	0.191937
2694	1.45476	-1.23685	0.0120437	0.191937
2697	1.45638	-1.23685	0.0148036	0.1971
2700	1.458	-1.23685	0.0148035	0.191935
2703	1.45962	-1.23685	0.0207769	0.191935
2706	1.46124	-1.23685	0.0235808	0.197057
2709	1.46286	-1.23685	0.0235808	0.191935
2712	1.46448	-1.23685	0.0295211	0.191935
2715	1.4661	-1.23685	0.0324843	0.197132
2718	1.46772	-1.23685	0.0324843	0.191935
2721	1.46934	-1.23685	0.0385306	0.191935
2724	1.47096	-1.23685	0.0415908	0.197143
2727	1.47258	-1.23685	0.0415908	0.191935
2730	1.4742	-1.23685	0.0476718	0.191935
2733	1.47582	-1.23685	0.0508558	0.197181
2736	1.47744	-1.23685	0.0508558	0.191934
2739	1.47906	-1.23685	0.0569965	0.191934
2742	1.48068	-1.23685	0.0568467	0.196087
2745	1.4823	-1.23685	0.0567611	0.191945
2748	1.48392	-1.23685	0.0566772	0.191945
2751	1.48554	-1.23685	0.0565949	0.198185
2754	1.48716	-1.23685	0.0522685	0.191924
2757	1.48878	-1.23685	0.0522685	0.191924
2760	1.4904	-1.24411	0.0661758	0.202803
2763	1.49202	-1.24411	0.0641675	0.191879
2766	1.49364	-1.24411	0.0639423	0.191879
2769	1.49526	-1.24411	0.0637214	0.198499
2772	1.49688	-1.24411	0.0589353	0.191921
2775	1.4985	-1.24411	0.0588099	0.191921
2778	1.50012	-1.24411	0.0586869	0.19829
2781	1.50174	-1.24411	0.0541655	0.191923
2784	1.50336	-1.24411	0.0541311	0.191923
2787	1.50498	-1.24411	0.0540973	0.198294
2790	1.5066	-1.24411	0.0495891	0.191923
2793	1.50822	-1.24411	0.0495891	0.191923
2796	1.50984	-1.25378	0.0640826	0.203072
2799	1.51146	-1.25378	0.0620118	0.191876
2802	1.51308	-1.25378	0.0618277	0.191876
2805	1.5147	-1.25378	0.0616472	0.198573
2808	1.51632	-1.25378	0.0569023	0.19192
2811	1.51794	-1.25378	0.0568157	0.19192
2814	1.51956	-1.25378	0.0567307	0.198356
2817	1.52118	-1.25378	0.0522673	0.191922
2820	1.5228	-1.25378	0.0522673	0.191922
2823	1.52442	-1.26135	0.0667325	0.203093
2826	1.52604	-1.26135	0.0649134	0.191876
2829	1.52766	-1.26135	0.064674	0.191876
2832	1.52928	-1.26135	0.0644392	0.198619
2835	1.5309	-1.26135	0.059634	0.191919
2838	1.53252	-1.26135	0.0594953	0.191919
2841	1.53414	-1.26135	0.0593592	0.198394
2844	1.53576	-1.26135	0.0548418	0.191922
2847	1.53738	-1.26135	0.0547945	0.191922
2850	1.539	-1.26135	0.054748	0.198392
2853	1.54062	-1.26135	0.0502501	0.191922
2856	1.54224	-1.26135	0.0502501	0.191922
2859	1.54386	-1.26947	0.0649185	0.203195
2862	1.54548	-1.26947	0.0631074	0.191875
2865	1.5471	-1.26947	0.0629025	0.191875
2868	1.54872	-1.26947	0.0627014	0.19866
2871	1.55034	-1.26947	0.0579141	0.191919
2874	1.55196	-1.26947	0.0578082	0.191919
2877	1.55358	-1.26947	0.0577043	0.19843
2880	1.5552	-1.26947	0.0532177	0.191922
2883	1.55682	-1.26947	0.0532013	0.191922
2886	1.55844	-1.26947	0.0531853	0.198424
2889	1.56006	-1.26947	0.048727	0.191922
2892	1.56168	-1.26947	0.048727	0.191922
2895	1.5633	-1.27665	0.0633798	0.203205
2898	1.56492	-1.27665	0.0617017	0.191875
2901	1.56654	-1.27665	0.0615235	0.191875
2904	1.56816	-1.27665	0.0613488	0.198682
2907	1.56978	-1.27665	0.0565872	0.191919
2910	1.5714	-1.27665	0.0565066	0.191919
2913	1.57302	-1.27665	0.0564275	0.198445
2916	1.57464	-1.27665	0.051978	0.191922
2919	1.57626	-1.27665	0.051978	0.191922
2922	1.57788	-1.28132	0.0664341	0.203132
2925	1.5795	-1.28132	0.0649396	0.191875
2928	1.58112	-1.28132	0.0646997	0.191875
2931	1.58274	-1.28132	0.0644644	0.198681
2934	1.58436	-1.28132	0.0596168	0.191919
2937	1.58598	-1.28132	0.0594784	0.191919
2940	1.5876	-1.28132	0.0593427	0.198437
2943	1.58922	-1.28132	0.0548223	0.191922
2946	1.59084	-1.28132	0.0547754	0.191922
2949	1.59246	-1.28132	0.0547293	0.198419
2952	1.59408	-1.28132	0.0502583	0.191922
2955	1.5957	-1.28132	0.0502583	0.191922
2958	1.59732	-1.28618	0.064729	0.20311
2961	1.59894	-1.28618	0.0632283	0.191876
2964	1.60056	-1.28618	0.0630211	0.191876
2967	1.60218	-1.28618	0.0628178	0.198654
2970	1.6038	-1.28618	0.0580117	0.191919
2973	1.60542	-1.28618	0.0579039	0.191919
2976	1.60704	-1.28618	0.0577982	0.198406
2979	1.60866	-1.28618	0.0533379	0.191922
2982	1.61028	-1.28618	0.0533192	0.191922
2985	1.6119	-1.28618	0.0533009	0.198383
2988	1.61352	-1.28618	0.0489062	0.191922
2991	1.61514	-1.28618	0.0489062	0.191922
2994	1.61676	-1.28991	0.063194	0.203
2997	1.61838	-1.28991	0.0618353	0.191877
3000	1.62	-1.28991	0.0616546	0.191877
3003	1.62162	-1.28991	0.0614774	0.198605
3006	1.62324	-1.28991	0.056746	0.19192
3009	1.62486	-1.28991	0.0566623	0.19192
3012	1.62648	-1.28991	0.0565803	0.198352
3015	1.6281	-1.28991	0.0522081	0.191923
3018	1.62972	-1.28991	0.0522081	0.191923
3021	1.63134	-1.29133	0.0662082	0.20285
3024	1.63296	-1.29133	0.0650116	0.191878
3027	1.63458	-1.29133	0.0647704	0.191878
3030	1.6362	-1.29133	0.0645337	0.198549
3033	1.63782	-1.29133	0.0597566	0.19192
3036	1.63944	-1.29133	0.0596155	0.19192
3039	1.64106	-1.29133	0.0594772	0.19829
3042	1.64268	-1.29133	0.055076	0.191923
3045	1.6443	-1.29133	0.0550242	0.191923
3048	1.64592	-1.29133	0.0549734	0.198256
3051	1.64754	-1.29133	0.0506655	0.191923
3054	1.64916	-1.29133	0.0506655	0.191923
3057	1.65078	-1.29262	0.0644983	0.2027
3060	1.6524	-1.29262	0.0633619	0.19188
3063	1.65402	-1.29262	0.0631521	0.19188
3066	1.65564	-1.29262	0.0629463	0.198449
3069	1.65726	-1.29262	0.0582872	0.191921
3072	1.65888	-1.29262	0.0581742	0.191921
3075	1.6605	-1.29262	0.0580633	0.198189
3078	1.66212	-1.29262	0.0537952	0.191924
3081	1.66374	-1.29262	0.0537678	0.191924
3084	1.66536	-1.29262	0.053741	0.19815
3087	1.66698	-1.29262	0.0495811	0.191925
3090	1.6686	-1.29262	0.0495811	0.191925
3093	1.67022	-1.29264	0.0630715	0.202471
3096	1.67184	-1.29264	0.0621219	0.191882
3099	1.67346	-1.29264	0.0619357	0.191882
3102	1.67508	-1.29264	0.0617531	0.198327
3105	1.6767	-1.29264	0.0572408	0.191922
3108	1.67832	-1.29264	0.0571477	0.191922
3111	1.67994	-1.29264	0.0570564	0.198065
3114	1.68156	-1.29264	0.0529452	0.191925
3117	1.68318	-1.29264	0.052934	0.191925
3120	1.6848	-1.29264	0.0529231	0.19802
3123	1.68642	-1.29264	0.0489324	0.191926
3126	1.68804	-1.29264	0.0489324	0.191926
3129	1.68966	-1.29264	0.0621112	0.202234
3132	1.69128	-1.29264	0.0612765	0.191884
3135	1.6929	-1.29264	0.0611064	0.191884
3138	1.69452	-1.29264	0.0609397	0.198181
3141	1.69614	-1.29264	0.0566287	0.191924
3144	1.69776	-1.29264	0.0565473	0.191924
3147	1.69938	-1.29264	0.0564674	0.197918
3150	1.701	-1.29264	0.0525573	0.191927
3153	1.70262	-1.29264	0.0525536	0.191927
3156	1.70424	-1.29264	0.0525499	0.197867
3159	1.70586	-1.29264	0.0487658	0.191927
3162	1.70748	-1.29264	0.0487658	0.191927
3165	1.7091	-1.29264	0.0615771	0.201957
3168	1.71072	-1.29114	0.0608313	0.191887
3171	1.71234	-1.29114	0.0606698	0.191887
3174	1.71396	-1.29114	0.0605113	0.198011
3177	1.71558	-1.29114	0.0563854	0.191926
3180	1.7172	-1.29114	0.0563087	0.191926
3183	1.71882	-1.29114	0.0562334	0.197748
3186	1.72044	-1.29114	0.0525151	0.191929
3189	1.72206	-1.29114	0.0525122	0.191929
3192	1.72368	-1.29114	0.0525092	0.197692
3195	1.7253	-1.29114	0.0489277	0.191929
3198	1.72692	-1.29114	0.0489277	0.191929
3201	1.72854	-1.29114	0.0613392	0.201648
3204	1.73016	-1.28843	0.0606845	0.19189
3207	1.73178	-1.28843	0.0605258	0.19189
3210	1.7334	-1.28843	0.0603701	0.197818
3213	1.73502	-1.28843	0.0564424	0.191927
3216	1.73664	-1.28843	0.0563646	0.191927
3219	1.73826	-1.28843	0.0562882	0.197556
3222	1.73988	-1.28843	0.0527745	0.19193
3225	1.7415	-1.28843	0.0527666	0.19193
3228	1.74312	-1.28843	0.0527589	0.197496
3231	1.74474	-1.28843	0.0493929	0.191931
3234	1.74636	-1.28843	0.0493929	0.191931
3237	1.74798	-1.28843	0.0613681	0.201308
3240	1.7496	-1.28474	0.0608187	0.191893
3243	1.75122	-1.28474	0.0606574	0.191893
3246	1.75284	-1.28474	0.0604992	0.197606
3249	1.75446	-1.28474	0.0567896	0.19193
3252	1.75608	-1.28474	0.0567051	0.19193
3255	1.7577	-1.28474	0.0566222	0.197347
3258	1.75932	-1.28474	0.0533306	0.191933
3261	1.76094	-1.28474	0.0533121	0.191933
3264	1.76256	-1.28474	0.0532939	0.197282
3267	1.76418	-1.28474	0.0501594	0.191933
3270	1.7658	-1.28474	0.0501594	0.191933
3273	1.76742	-1.28474	0.0616642	0.20094
3276	1.76904	-1.28023	0.0612365	0.191897
3279	1.77066	-1.28023	0.0610673	0.191897
3282	1.77228	-1.28023	0.0609012	0.197376
3285	1.7739	-1.28023	0.0574292	0.191932
3288	1.77552	-1.28023	0.0573325	0.191932
3291	1.77714	-1.28023	0.0572377	0.197121
3294	1.77876	-1.28023	0.0541846	0.191935
3297	1.78038	-1.28023	0.0541498	0.191935
3300	1.782	-1.28023	0.0541157	0.197054
3303	1.78362	-1.28023	0.0512271	0.191935
3306	1.78524	-1.28023	0.0512271	0.191935
3309	1.78686	-1.28023	0.062233	0.20055
3312	1.78848	-1.27509	0.0619347	0.191901
3315	1.7901	-1.27509	0.0617521	0.191901
3318	1.79172	-1.27509	0.061573	0.197134
3321	1.79334	-1.27509	0.0583554	0.191934
3324	1.79496	-1.27509	0.058241	0.191934
3327	1.79658	-1.27509	0.0581289	0.196884
3330	1.7982	-1.27509	0.0553279	0.191937
3333	1.79982	-1.27509	0.0552713	0.191937
3336	1.80144	-1.27509	0.0552158	0.196815
3339	1.80306	-1.27509	0.0525846	0.191938
3342	1.80468	-1.27509	0.0525803	0.191938
3345	1.8063	-1.27509	0.0525761	0.196752
3348	1.80792	-1.27509	0.0501056	0.191938
3351	1.80954	-1.27509	0.0501056	0.191938
3354	1.81116	-1.27509	0.0604381	0.200031
3357	1.81278	-1.26923	0.0601807	0.191906
3360	1.8144	-1.26923	0.0600316	0.191906
3363	1.81602	-1.26923	0.0598853	0.196816
3366	1.81764	-1.26923	0.0570955	0.191938
3369	1.81926	-1.26923	0.0570052	0.191938
3372	1.82088	-1.26923	0.0569166	0.196579
3375	1.8225	-1.26923	0.0545266	0.19194
3378	1.82412	-1.26923	0.0544853	0.19194
3381	1.82574	-1.26923	0.0544447	0.196509
3384	1.82736	-1.26923	0.0522232	0.191941
3387	1.82898	-1.26923	0.0522232	0.191941
3390	1.8306	-1.26923	0.0620132	0.199613
3393	1.83222	-1.2629	0.0617312	0.19191
3396	1.83384	-1.2629	0.0615525	0.19191
3399	1.83546	-1.2629	0.0613772	0.196557
3402	1.83708	-1.2629	0.0588465	0.19194
3405	1.8387	-1.2629	0.0587228	0.19194
3408	1.84032	-1.2629	0.0586015	0.19633
3411	1.84194	-1.2629	0.0564615	0.191943
3414	1.84356	-1.2629	0.0563833	0.191943
3417	1.84518	-1.2629	0.0563065	0.19626
3420	1.8468	-1.2629	0.0543372	0.191943
3423	1.84842	-1.2629	0.0542995	0.191943
3426	1.85004	-1.2629	0.0542625	0.196195
3429	1.85166	-1.2629	0.0524519	0.191944
3432	1.85328	-1.2629	0.0524501	0.191944
3435	1.8549	-1.2629	0.0524484	0.196133
3438	1.85652	-1.2629	0.0507891	0.191945
3441	1.85814	-1.2629	0.0507891	0.191945
3444	1.85976	-1.2629	0.0597301	0.198966
3447	1.86138	-1.25616	0.0595001	0.191917
3450	1.863	-1.25616	0.059364	0.191917
3453	1.86462	-1.25616	0.0592304	0.196167
3456	1.86624	-1.25616	0.0572662	0.191944
3459	1.86786	-1.25616	0.0571727	0.191944
3462	1.86948	-1.25616	0.0570809	0.195961
3465	1.8711	-1.25616	0.0554734	0.191946
3468	1.87272	-1.25616	0.0554141	0.191946
3471	1.87434	-1.25616	0.0553558	0.195893
3474	1.87596	-1.25616	0.0539071	0.191947
3477	1.87758	-1.25616	0.0538776	0.191947
3480	1.8792	-1.25616	0.0538486	0.195831
3483	1.88082	-1.25616	0.0525457	0.191948
3486	1.88244	-1.25616	0.0525422	0.191948
3489	1.88406	-1.25616	0.0525387	0.195771
3492	1.88568	-1.25616	0.0513734	0.191948
3495	1.8873	-1.25616	0.0513734	0.191948
3498	1.88892	-1.25616	0.0594848	0.19834
3501	1.89054	-1.24927	0.0592678	0.191923
3504	1.89216	-1.24927	0.059136	0.191923
3507	1.89378	-1.24927	0.0590068	0.195791
3510	1.8954	-1.24927	0.0575437	0.191948
3513	1.89702	-1.24927	0.0574449	0.191948
3516	1.89864	-1.24927	0.0573479	0.195606
3519	1.90026	-1.24927	0.0562077	0.19195
3522	1.90188	-1.24927	0.0561343	0.19195
3525	1.9035	-1.24927	0.0560624	0.195542
3528	1.90512	-1.24927	0.0550689	0.191951
3531	1.90674	-1.24927	0.0550172	0.191951
3534	1.90836	-1.24927	0.0549665	0.195483
3537	1.90998	-1.24927	0.0541065	0.191951
3540	1.9116	-1.24927	0.0540732	0.191951
3543	1.91322	-1.24927	0.0540405	0.195427
3546	1.91484	-1.24927	0.0533053	0.191952
3549	1.91646	-1.24927	0.0532873	0.191952
3552	1.91808	-1.24927	0.0532696	0.195372
3555	1.9197	-1.24927	0.052651	0.191952
3558	1.92132	-1.24927	0.0526455	0.191952
3561	1.92294	-1.24927	0.05264	0.195318
3564	1.92456	-1.24927	0.0521309	0.191953
3567	1.92618	-1.24927	0.052131	0.191953
3570	1.9278	-1.24927	0.0591973	0.197556
3573	1.92942	-1.24249	0.0589963	0.191931
3576	1.93104	-1.24249	0.0588697	0.191931
3579	1.93266	-1.24249	0.0587456	0.195325
3582	1.93428	-1.24249	0.057942	0.191952
3585	1.9359	-1.24249	0.0578355	0.191952
3588	1.93752	-1.24249	0.0577311	0.19517
3591	1.93914	-1.24249	0.057198	0.191954
3594	1.94076	-1.24249	0.0571057	0.191954
3597	1.94238	-1.24249	0.0570152	0.195114
3600	1.944	-1.24249	0.0566058	0.191955
3603	1.94562	-1.24249	0.0565248	0.191955
3606	1.94724	-1.24249	0.0564454	0.195062
3609	1.94886	-1.24249	0.0561473	0.191955
3612	1.95048	-1.24249	0.0560751	0.191955
3615	1.9521	-1.24249	0.0560043	0.195012
3618	1.95372	-1.24249	0.0558089	0.191956
3621	1.95534	-1.24249	0.0557432	0.191956
3624	1.95696	-1.24249	0.0556787	0.194964
3627	1.95858	-1.24249	0.0555787	0.191956
3630	1.9602	-1.24249	0.0555174	0.191956
3633	1.96182	-1.24249	0.0554571	0.194917
3636	1.96344	-1.24249	0.0553981	0.191957
3639	1.96506	-1.24249	0.0553401	0.191957
3642	1.96668	-1.24249	0.0552833	0.19487
3645	1.9683	-1.24249	0.0552276	0.191957
3648	1.96992	-1.24249	0.0551729	0.191957
3651	1.97154	-1.24249	0.0551192	0.194824
3654	1.97316	-1.24249	0.0550666	0.191958
3657	1.97478	-1.24249	0.055015	0.191958
3660	1.9764	-1.24249	0.0549644	0.19478
3663	1.97802	-1.24249	0.0549147	0.191958
3666	1.97964	-1.24249	0.054866	0.191958
3669	1.98126	-1.24249	0.0548182	0.194736
3672	1.98288	-1.24249	0.0547713	0.191959
3675	1.9845	-1.24249	0.0547253	0.191959
3678	1.98612	-1.24249	0.0546802	0.194693
3681	1.98774	-1.24249	0.054636	0.191959
3684	1.98936	-1.24249	0.0545926	0.191959
3687	1.99098	-1.24249	0.05455	0.194651
3690	1.9926	-1.24249	0.0545082	0.191959
3693	1.99422	-1.24249	0.0544673	0.191959
3696	1.99584	-1.24249	0.0544271	0.194611
3699	1.99746	-1.24249	0.0543877	0.19196
3702	1.99908	-1.24249	0.054349	0.19196
3705	2.0007	-1.24249	0.0543111	0.194571
3708	2.00232	-1.24249	0.0542739	0.19196
3711	2.00394	-1.24249	0.0542374	0.19196
3714	2.00556	-1.24249	0.0542016	0.194532
3717	2.00718	-1.24249	0.0541664	0.191961
3720	2.0088	-1.24249	0.054132	0.191961
3723	2.01042	-1.24249	0.0540982	0.194495
3726	2.01204	-1.24249	0.0540651	0.191961
3729	2.01366	-1.24249	0.0540325	0.191961
3732	2.01528	-1.24249	0.0540006	0.194458
3735	2.0169	-1.24249	0.0539694	0.191961
3738	2.01852	-1.24249	0.0539387	0.191961
3741	2.02014	-1.24249	0.0539086	0.194423
3744	2.02176	-1.24249	0.053879	0.191962
3747	2.02338	-1.24249	0.0538501	0.191962
3750	2.025	-1.24249	0.0538216	0.194388
3753	2.02662	-1.24249	0.0537938	0.191962
3756	2.02824	-1.24249	0.0537664	0.191962
3759	2.02986	-1.24249	0.0537396	0.194355
3762	2.03148	-1.24249	0.0537133	0.191962
3765	2.0331	-1.24249	0.0536875	0.191962
3768	2.03472	-1.24249	0.0536622	0.194322
3771	2.03634	-1.24249	0.0536373	0.191963
3774	2.03796	-1.24249	0.053613	0.191963
3777	2.03958	-1.24249	0.0535891	0.19429
3780	2.0412	-1.24249	0.0535656	0.191963
3783	2.04282	-1.24249	0.0535426	0.191963
3786	2.04444	-1.24249	0.0535201	0.19426
3789	2.04606	-1.24249	0.053498	0.191963
3792	2.04768	-1.24249	0.0534763	0.191963
3795	2.0493	-1.24249	0.053455	0.194236
3798	2.05092	-1.24249	0.0534341	0.191964
3801	2.05254	-1.24249	0.0534136	0.191964
3804	2.05416	-1.24249	0.0533935	0.194222
3807	2.05578	-1.24249	0.0533738	0.191964
3810	2.0574	-1.24249	0.0533545	0.191964
3813	2.05902	-1.24249	0.0533355	0.19421
3816	2.06064	-1.24249	0.0533169	0.191964
3819	2.06226	-1.24249	0.0532987	0.191964
3822	2.06388	-1.24249	0.0532808	0.194199
3825	2.0655	-1.24249	0.0532632	0.191964
3828	2.06712	-1.24249	0.053246	0.191964
3831	2.06874	-1.24249	0.0532291	0.19419
3834	2.07036	-1.24249	0.0532125	0.191964
3837	2.07198	-1.24249	0.0531962	0.191964
3840	2.0736	-1.24249	0.0531803	0.19418
3843	2.07522	-1.24249	0.0531646	0.191964
3846	2.07684	-1.24249	0.0531493	0.191964
3849	2.07846	-1.24249	0.0531342	0.194172
3852	2.08008	-1.24249	0.0531195	0.191964
3855	2.0817	-1.24249	0.053105	0.191964
3858	2.08332	-1.24249	0.0530908	0.194164
3861	2.08494	-1.24249	0.0530769	0.191964
3864	2.08656	-1.24249	0.0530632	0.191964
3867	2.08818	-1.24249	0.0530498	0.194157
3870	2.0898	-1.24249	0.0530366	0.191964
3873	2.09142	-1.24249	0.0530237	0.191964
3876	2.09304	-1.24249	0.053011	0.194151
3879	2.09466	-1.24249	0.0529986	0.191964
3882	2.09628	-1.24249	0.0529865	0.191964
3885	2.0979	-1.24249	0.0529745	0.194146
3888	2.09952	-1.24249	0.0529628	0.191964
3891	2.10114	-1.24249	0.0529513	0.191964
3894	2.10276	-1.24249	0.05294	0.194142
3897	2.10438	-1.24249	0.052929	0.191964
3900	2.106	-1.24249	0.0529181	0.191964
3903	2.10762	-1.24249	0.0529075	0.194139
3906	2.10924	-1.24249	0.052897	0.191965
3909	2.11086	-1.24249	0.0528868	0.191965
3912	2.11248	-1.24249	0.0528767	0.194137
3915	2.1141	-1.24249	0.0528669	0.191965
3918	2.11572	-1.24249	0.0528572	0.191965
3921	2.11734	-1.24249	0.0528477	0.194136
3924	2.11896	-1.24249	0.0528384	0.191965
3927	2.12058	-1.24249	0.0528293	0.191965
3930	2.1222	-1.24249	0.0528203	0.194136
3933	2.12382	-1.24249	0.0528116	0.191965
3936	2.12544	-1.24249	0.0528029	0.191965
3939	2.12706	-1.24249	0.0527945	0.194136
3942	2.12868	-1.24249	0.0527862	0.191965
3945	2.1303	-1.24249	0.0527781	0.191965
3948	2.13192	-1.24249	0.0527701	0.194137
3951	2.13354	-1.24249	0.0527623	0.191965
3954	2.13516	-1.24249	0.0527546	0.191965
3957	2.13678	-1.24249	0.0527471	0.194139
3960	2.1384	-1.24249	0.0527397	0.191965
3963	2.14002	-1.24249	0.0527325	0.191965
3966	2.14164	-1.24249	0.0527254	0.194141
3969	2.14326	-1.24249	0.0527184	0.191965
3972	2.14488	-1.24249	0.0527116	0.191965
3975	2.1465	-1.24249	0.0527048	0.194144
3978	2.14812	-1.24249	0.0526983	0.191964
3981	2.14974	-1.24249	0.0526918	0.191964
3984	2.15136	-1.24249	0.0526855	0.194148
3987	2.15298	-1.24249	0.0526309	0.191964
3990	2.1546	-1.24249	0.0526257	0.191964
3993	2.15622	-1.24249	0.0526207	0.19415
3996	2.15784	-1.24249	0.0525232	0.191964
3999	2.15946	-1.24249	0.0525201	0.191964
4002	2.16108	-1.24249	0.052517	0.194151
4005	2.1627	-1.24249	0.0523799	0.191964
4008	2.16432	-1.24249	0.0523795	0.191964
4011	2.16594	-1.24249	0.0523792	0.194153
4014	2.16756	-1.24249	0.052205	0.191964
4017	2.16918	-1.24249	0.052205	0.191964
4020	2.1708	-1.24249	0.0532762	0.194503
4023	2.17242	-1.24249	0.053248	0.191961
4026	2.17404	-1.24249	0.0532311	0.191961
4029	2.17566	-1.24249	0.0532145	0.194205
4032	2.17728	-1.24249	0.0528348	0.191964
4035	2.1789	-1.24249	0.0528258	0.191964
4038	2.18052	-1.24249	0.0528169	0.194175
4041	2.18214	-1.24249	0.0524831	0.191964
4044	2.18376	-1.24249	0.0524808	0.191964
4047	2.18538	-1.24249	0.0524784	0.194171
4050	2.187	-1.24249	0.0521343	0.191964
4053	2.18862	-1.24249	0.0521343	0.191964
4056	2.19024	-1.24249	0.0526823	0.194349
4059	2.19186	-1.24249	0.0525453	0.191962
4062	2.19348	-1.24249	0.0525417	0.191962
4065	2.1951	-1.24249	0.0525383	0.194202
4068	2.19672	-1.24249	0.0520732	0.191964
4071	2.19834	-1.24249	0.0520732	0.191964
4074	2.19996	-1.24249	0.0523301	0.194268
4077	2.20158	-1.24249	0.0519945	0.191963
4080	2.2032	-1.24249	0.0519945	0.191963
4083	2.20482	-1.24249	0.0521159	0.194237
4086	2.20644	-1.24249	0.0516743	0.191964
4089	2.20806	-1.24249	0.0516743	0.191964
4092	2.20968	-1.24249	0.0516967	0.194203
4095	2.2113	-1.24249	0.0511974	0.191964
4098	2.21292	-1.24249	0.0511974	0.191964
4101	2.21454	-1.24249	0.0511974	0.194192
4104	2.21616	-1.24096	0.0436011	0.191964
4107	2.21778	-1.24096	0.0400351	0.191964
4110	2.2194	-1.24096	0.0400351	0.195091
4113	2.22102	-1.23675	0.0312111	0.191955
4116	2.22264	-1.23675	0.0278977	0.191955
4119	2.22426	-1.23675	0.0278977	0.194812
4122	2.22588	-1.23675	0.0207143	0.191958
4125	2.2275	-1.23675	0.0189686	0.191958
4128	2.22912	-1.23675	0.0189686	0.194219
4131	2.23074	-1.23675	0.0134755	0.191964
4134	2.23236	-1.23675	0.0122045	0.191964
4137	2.23398	-1.23675	0.0122045	0.194083
4140	2.2356	-1.23675	0.00696598	0.191965
4143	2.23722	-1.23675	0.00578668	0.191965
4146	2.23884	-1.23675	0.00578668	0.194068
4149	2.24046	-1.23675	0.00051102	0.191965
4152	2.24208	-1.23675	-0.000685061	0.191965
4155	2.2437	-1.23675	-0.000685059	0.19408
4158	2.24532	-1.23675	-0.00600926	0.191965
4161	2.24694	-1.23675	-0.00720667	0.191965
4164	2.24856	-1.23675	-0.00720667	0.194079
4167	2.25018	-1.23675	-0.0125174	0.191965
4170	2.2518	-1.23675	-0.0136724	0.191965
4173	2.25342	-1.23675	-0.0136724	0.194062
4176	2.25504	-1.23675	-0.01892	0.191965
4179	2.25666	-1.23675	-0.0200068	0.191965
4182	2.25828	-1.23675	-0.0200068	0.194036
4185	2.2599	-1.23675	-0.025175	0.191966
4188	2.26152	-1.23675	-0.0261901	0.191966
4191	2.26314	-1.23675	-0.0261901	0.19401
4194	2.26476	-1.23675	-0.0312828	0.191966
4197	2.26638	-1.23675	-0.0322336	0.191966
4200	2.268	-1.23675	-0.0322336	0.193988
4203	2.26962	-1.23675	-0.0372594	0.191966
4206	2.27124	-1.23675	-0.0381541	0.191966
4209	2.27286	-1.23675	-0.0381541	0.193967
4212	2.27448	-1.23675	-0.0431183	0.191966
4215	2.2761	-1.23675	-0.0439618	0.191966
4218	2.27772	-1.23675	-0.0439618	0.193948
4221	2.27934	-1.23675	-0.0488655	0.191966
4224	2.28096	-1.23675	-0.0496594	0.191966
4227	2.28258	-1.23675	-0.0496594	0.193929
4230	2.2842	-1.23675	-0.054501	0.191967
4233	2.28582	-1.23675	-0.0552451	0.191967
4236	2.28744	-1.23675	-0.0552451	0.19391
4239	2.28906	-1.23675	-0.0600221	0.191967
4242	2.29068	-1.23675	-0.0607154	0.191967
4245	2.2923	-1.23675	-0.0607154	0.19389
4248	2.29392	-1.23675	-0.0654254	0.191967
4251	2.29554	-1.23675	-0.066067	0.191967
4254	2.29716	-1.23675	-0.066067	0.193869
4257	2.29878	-1.23675	-0.0707078	0.191967
4260	2.3004	-1.23675	-0.0712967	0.191967
4263	2.30202	-1.23675	-0.0712967	0.193847
4266	2.30364	-1.23675	-0.0758664	0.191967
4269	2.30526	-1.23675	-0.0764017	0.191967
4272	2.30688	-1.23675	-0.0764017	0.193825
4275	2.3085	-1.23675	-0.0808981	0.191968
4278	2.31012	-1.23675	-0.0813786	0.191968
4281	2.31174	-1.23675	-0.0813785	0.193802
4284	2.31336	-1.23675	-0.0857995	0.191968
4287	2.31498	-1.23675	-0.0862236	0.191968
4290	2.3166	-1.23675	-0.0862236	0.193777
4293	2.31822	-1.23675	-0.0905668	0.191968
4296	2.31984	-1.23675	-0.090933	0.191968
4299	2.32146	-1.23675	-0.090933	0.193752
4302	2.32308	-1.23675	-0.0951958	0.191968
4305	2.3247	-1.23675	-0.0955022	0.191968
4308	2.32632	-1.23675	-0.0955022	0.193726
4311	2.32794	-1.23675	-0.0996823	0.191969
4314	2.32956	-1.23675	-0.0999269	0.191969
4317	2.33118	-1.23675	-0.0999269	0.193699
4320	2.3328	-1.23675	-0.104022	0.191969
4323	2.33442	-1.23675	-0.104202	0.191969
4326	2.33604	-1.23675	-0.104202	0.19367
4329	2.33766	-1.23675	-0.10821	0.191969
4332	2.33928	-1.23675	-0.108324	0.191969
4335	2.3409	-1.23675	-0.108324	0.19364
4338	2.34252	-1.23675	-0.112241	0.191969
4341	2.34414	-1.23675	-0.112287	0.19197
4344	2.34576	-1.23675	-0.112287	0.193609
4347	2.34738	-1.23675	-0.116111	0.19197
4350	2.349	-1.23675	-0.116111	0.19197
4353	2.35062	-1.23675	-0.114537	0.194073
4356	2.35224	-1.23675	-0.114537	0.191965
4359	2.35386	-1.23675	-0.112993	0.191965
4362	2.35548	-1.23675	-0.112993	0.193298
4365	2.3571	-1.23675	-0.116764	0.191973
4368	2.35872	-1.23675	-0.116853	0.191973
4371	2.36034	-1.23675	-0.116853	0.193686
4374	2.36196	-1.23675	-0.121187	0.191969
4377	2.36358	-1.23675	-0.121714	0.191969
4380	2.3652	-1.23675	-0.121714	0.193761
4383	2.36682	-1.23675	-0.125908	0.191968
4386	2.36844	-1.23675	-0.12624	0.191968
4389	2.37006	-1.23675	-0.12624	0.193647
4392	2.37168	-1.23675	-0.129992	0.191969
4395	2.3733	-1.23675	-0.129992	0.191969
4398	2.37492	-1.23675	-0.128349	0.194021
4401	2.37654	-1.23675	-0.128349	0.191966
4404	2.37816	-1.23675	-0.126685	0.191966
4407	2.37978	-1.23675	-0.126685	0.193175
4410	2.3814	-1.23675	-0.12996	0.191974
4413	2.38302	-1.23675	-0.12996	0.191974
4416	2.38464	-1.23675	-0.128972	0.193887
4419	2.38626	-1.23675	-0.128972	0.191967
4422	2.38788	-1.23675	-0.127797	0.191967
4425	2.3895	-1.23675	-0.127797	0.193344
4428	2.39112	-1.23675	-0.131534	0.191972
4431	2.39274	-1.23675	-0.131654	0.191972
4434	2.39436	-1.23675	-0.131654	0.193591
4437	2.39598	-1.23675	-0.135533	0.19197
4440	2.3976	-1.23675	-0.135721	0.19197
4443	2.39922	-1.23675	-0.135721	0.193538
4446	2.40084	-1.23675	-0.139189	0.191971
4449	2.40246	-1.23675	-0.139189	0.191971
4452	2.40408	-1.23675	-0.13761	0.193917
4455	2.4057	-1.23675	-0.13761	0.191967
4458	2.40732	-1.23675	-0.135917	0.191967
4461	2.40894	-1.23675	-0.135917	0.193052
4464	2.41056	-1.23675	-0.138702	0.191975
4467	2.41218	-1.23675	-0.138702	0.191975
4470	2.4138	-1.23675	-0.13759	0.193815
4473	2.41542	-1.23675	-0.13759	0.191968
4476	2.41704	-1.23675	-0.13625	0.191968
4479	2.41866	-1.23675	-0.13625	0.19316
4482	2.42028	-1.23675	-0.13932	0.191974
4485	2.4219	-1.23675	-0.13932	0.191974
4488	2.42352	-1.23675	-0.138255	0.193763
4491	2.42514	-1.23675	-0.138255	0.191968
4494	2.42676	-1.23675	-0.136912	0.191968
4497	2.42838	-1.23675	-0.136912	0.193113
4500	2.43	-1.23675	-0.1398	0.191975
4503	2.43162	-1.23675	-0.1398	0.191975
4506	2.43324	-1.23675	-0.138692	0.193733
4509	2.43486	-1.23675	-0.138692	0.191969
4512	2.43648	-1.23675	-0.137294	0.191969
4515	2.4381	-1.23675	-0.137294	0.193044
4518	2.43972	-1.23675	-0.139948	0.191975
4521	2.44134	-1.23675	-0.139948	0.191975
4524	2.44296	-1.23675	-0.138794	0.193703
4527	2.44458	-1.23675	-0.138794	0.191969
4530	2.4462	-1.23675	-0.13734	0.191969
4533	2.44782	-1.23675	-0.13734	0.192974
4536	2.44944	-1.23675	-0.139753	0.191976
4539	2.45106	-1.23675	-0.139753	0.191976
4542	2.45268	-1.23675	-0.138553	0.193671
4545	2.4543	-1.23675	-0.138553	0.191969
4548	2.45592	-1.23675	-0.137042	0.191969
4551	2.45754	-1.23675	-0.137042	0.192901
4554	2.45916	-1.23675	-0.139207	0.191977
4557	2.46078	-1.23675	-0.139207	0.191977
4560	2.4624	-1.23675	-0.137962	0.193637
4563	2.46402	-1.23675	-0.137962	0.19197
4566	2.46564	-1.23675	-0.136394	0.19197
4569	2.46726	-1.23675	-0.136394	0.192826
4572	2.46888	-1.23675	-0.138304	0.191978
4575	2.4705	-1.23675	-0.138304	0.191978
4578	2.47212	-1.23675	-0.137015	0.193601
4581	2.47374	-1.23675	-0.137015	0.19197
4584	2.47536	-1.23675	-0.135391	0.19197
4587	2.47698	-1.23675	-0.135391	0.192751
4590	2.4786	-1.23675	-0.137042	0.191978
4593	2.48022	-1.23675	-0.137042	0.191978
4596	2.48184	-1.23675	-0.13571	0.193563
4599	2.48346	-1.23675	-0.13571	0.19197
4602	2.48508	-1.23675	-0.134033	0.19197
4605	2.4867	-1.23675	-0.134033	0.192674
4608	2.48832	-1.23675	-0.135423	0.191979
4611	2.48994	-1.23675	-0.135423	0.191979
4614	2.49156	-1.23675	-0.134051	0.193524
4617	2.49318	-1.23675	-0.134051	0.191971
4620	2.4948	-1.23675	-0.132322	0.191971
4623	2.49642	-1.23675	-0.132322	0.192598
4626	2.49804	-1.23675	-0.13345	0.19198
4629	2.49966	-1.23675	-0.13345	0.19198
4632	2.50128	-1.23675	-0.132041	0.193483
4635	2.5029	-1.23675	-0.132041	0.191971
4638	2.50452	-1.23675	-0.130265	0.191971
4641	2.50614	-1.23675	-0.130265	0.192522
4644	2.50776	-1.23675	-0.131131	0.191981
4647	2.50938	-1.23675	-0.131131	0.191981
4650	2.511	-1.23675	-0.129689	0.193441
4653	2.51262	-1.23675	-0.129689	0.191972
4656	2.51424	-1.23675	-0.127869	0.191972
4659	2.51586	-1.23675	-0.127869	0.192447
4662	2.51748	-1.23675	-0.128476	0.191981
4665	2.5191	-1.23675	-0.128476	0.191981
4668	2.52072	-1.23675	-0.127006	0.193397
4671	2.52234	-1.23675	-0.127006	0.191972
4674	2.52396	-1.23675	-0.125147	0.191972
4677	2.52558	-1.23675	-0.125147	0.192374
4680	2.5272	-1.23675	-0.125498	0.191982
4683	2.52882	-1.23675	-0.125498	0.191982
4686	2.53044	-1.23675	-0.124003	0.193352
4689	2.53206	-1.23675	-0.124003	0.191972
4692	2.53368	-1.23675	-0.122145	0.191972
4695	2.5353	-1.23675	-0.122145	0.192312
4698	2.53692	-1.23675	-0.122265	0.191983
4701	2.53854	-1.23675	-0.122265	0.191983
4704	2.54016	-1.23675	-0.120748	0.193307
4707	2.54178	-1.23675	-0.120748	0.191973
4710	2.5434	-1.23675	-0.118953	0.191973
4713	2.54502	-1.23675	-0.118953	0.192278
4716	2.54664	-1.23675	-0.118953	0.191983
4719	2.54826	-1.23675	-0.118588	0.191983
4722	2.54988	-1.23675	-0.118588	0.192683
4725	2.5515	-1.23675	-0.119388	0.191979
4728	2.55312	-1.23675	-0.119388	0.191979
4731	2.55474	-1.23675	-0.117996	0.193216
4734	2.55636	-1.23675	-0.117996	0.191974
4737	2.55798	-1.23675	-0.11631	0.191974
4740	2.5596	-1.23675	-0.11631	0.19225
4743	2.56122	-1.23675	-0.11631	0.191983
4746	2.56284	-1.23675	-0.11597	0.191983
4749	2.56446	-1.23675	-0.11597	0.192632
4752	2.56608	-1.23675	-0.116651	0.19198
4755	2.5677	-1.23675	-0.116651	0.19198
4758	2.56932	-1.23675	-0.11535	0.19313
4761	2.57094	-1.23675	-0.11535	0.191975
4764	2.57256	-1.23675	-0.113771	0.191975
4767	2.57418	-1.23675	-0.113771	0.192224
4770	2.5758	-1.23675	-0.113771	0.191984
4773	2.57742	-1.23675	-0.113463	0.191984
4776	2.57904	-1.23675	-0.113463	0.192585
4779	2.58066	-1.23675	-0.114037	0.19198
4782	2.58228	-1.23675	-0.114037	0.19198
4785	2.5839	-1.23675	-0.112829	0.193045
4788	2.58552	-1.23675	-0.112829	0.191975
4791	2.58714	-1.23675	-0.111362	0.191975
4794	2.58876	-1.23675	-0.111362	0.192202
4797	2.59038	-1.23675	-0.111362	0.191984
4800	2.592	-1.23675	-0.111084	0.191984
4803	2.59362	-1.23675	-0.111084	0.192539
4806	2.59524	-1.23675	-0.111553	0.191981
4809	2.59686	-1.23675	-0.111553	0.191981
4812	2.59848	-1.23675	-0.11044	0.192962
4815	2.6001	-1.23675	-0.11044	0.191976
4818	2.60172	-1.23675	-0.109084	0.191976
4821	2.60334	-1.23675	-0.109084	0.192181
4824	2.60496	-1.23675	-0.109084	0.191984
4827	2.60658	-1.23675	-0.108833	0.191984
4830	2.6082	-1.23675	-0.108833	0.192495
4833	2.60982	-1.23675	-0.109202	0.191981
4836	2.61144	-1.23675	-0.109202	0.191981
4839	2.61306	-1.23675	-0.10818	0.192882
4842	2.61468	-1.23675	-0.10818	0.191977
4845	2.6163	-1.23675	-0.106934	0.191977
4848	2.61792	-1.23675	-0.106934	0.192162
4851	2.61954	-1.23675	-0.106934	0.191984
4854	2.62116	-1.23675	-0.106709	0.191984
4857	2.62278	-1.23675	-0.106709	0.192452
4860	2.6244	-1.23675	-0.10698	0.191981
4863	2.62602	-1.23675	-0.10698	0.191981
4866	2.62764	-1.23675	-0.106047	0.192805
4869	2.62926	-1.23675	-0.106047	0.191978
4872	2.63088	-1.23675	-0.104907	0.191978
4875	2.6325	-1.23675	-0.104907	0.192145
4878	2.63412	-1.23675	-0.104907	0.191984
4881	2.63574	-1.23675	-0.104706	0.191984
4884	2.63736	-1.23675	-0.104706	0.192411
4887	2.63898	-1.23675	-0.104884	0.191982
4890	2.6406	-1.23675	-0.104884	0.191982
4893	2.64222	-1.23675	-0.104036	0.192733
4896	2.64384	-1.23675	-0.104036	0.191979
4899	2.64546	-1.23675	-0.102996	0.191979
4902	2.64708	-1.23675	-0.102996	0.192129
4905	2.6487	-1.23675	-0.102996	0.191985
4908	2.65032	-1.23675	-0.102817	0.191985
4911	2.65194	-1.23675	-0.102817	0.192373
4914	2.65356	-1.23675	-0.102908	0.191982
4917	2.65518	-1.23675	-0.102908	0.191982
4920	2.6568	-1.23675	-0.102139	0.192664
4923	2.65842	-1.23675	-0.102139	0.191979
4926	2.66004	-1.23675	-0.101195	0.191979
4929	2.66166	-1.23675	-0.101195	0.192114
4932	2.66328	-1.23675	-0.101195	0.191985
4935	2.6649	-1.23675	-0.101036	0.191985
4938	2.66652	-1.23675	-0.101036	0.192337
4941	2.66814	-1.23675	-0.101044	0.191983
4944	2.66976	-1.23675	-0.101044	0.191983
4947	2.67138	-1.23675	-0.100349	0.1926
4950	2.673	-1.23675	-0.100349	0.19198
4953	2.67462	-1.23675	-0.0994947	0.19198
4956	2.67624	-1.23675	-0.0994947	0.192101
4959	2.67786	-1.23675	-0.0994947	0.191985
4962	2.67948	-1.23675	-0.0993537	0.191985
4965	2.6811	-1.23675	-0.0993537	0.192304
4968	2.68272	-1.23675	-0.0993537	0.191983
4971	2.68434	-1.23675	-0.098919	0.191983
4974	2.68596	-1.23675	-0.098919	0.192202
4977	2.68758	-1.23675	-0.098919	0.191984
4980	2.6892	-1.23675	-0.0986272	0.191984
4983	2.69082	-1.23675	-0.0986272	0.192233
4986	2.69244	-1.23675	-0.0986272	0.191984
4989	2.69406	-1.23675	-0.0982892	0.191984
4992	2.69568	-1.23675	-0.0982892	0.192207
4995	2.6973	-1.23675	-0.0982892	0.191984
4998	2.69892	-1.23675	-0.0979866	0.191984
5001	2.70054	-1.23675	-0.0979866	0.192207
5004	2.70216	-1.23675	-0.0979866	0.191984
5007	2.70378	-1.23675	-0.0976837	0.191984
5010	2.7054	-1.23675	-0.0976837	0.192196
5013	2.70702	-1.23675	-0.0976837	0.191984
5016	2.70864	-1.23675	-0.0973954	0.191984
5019	2.71026	-1.23675	-0.0973954	0.19219
5022	2.71188	-1.23675	-0.0973954	0.191984
5025	2.7135	-1.23675	-0.0971148	0.191984
5028	2.71512	-1.23675	-0.0971148	0.192182
5031	2.71674	-1.23675	-0.0971148	0.191984
5034	2.71836	-1.23675	-0.0968444	0.191984
5037	2.71998	-1.23675	-0.0968444	0.192176
5040	2.7216	-1.23675	-0.0968444	0.191984
5043	2.72322	-1.23675	-0.0965828	0.191984
5046	2.72484	-1.23675	-0.0965828	0.192169
5049	2.72646	-1.23675	-0.0965828	0.191984
5052	2.72808	-1.23675	-0.0963299	0.191984
5055	2.7297	-1.23675	-0.0963299	0.192163
5058	2.73132	-1.23675	-0.0963299	0.191984
5061	2.73294	-1.23675	-0.0960851	0.191984
5064	2.73456	-1.23675	-0.0960851	0.192157
5067	2.73618	-1.23675	-0.0960851	0.191984
5070	2.7378	-1.23675	-0.0958483	0.191984
5073	2.73942	-1.23675	-0.0958483	0.192152
5076	2.74104	-1.23675	-0.0958483	0.191984
5079	2.74266	-1.23675	-0.095619	0.191984
5082	2.74428	-1.23675	-0.095619	0.192147
5085	2.7459	-1.23675	-0.095619	0.191984
5088	2.74752	-1.23675	-0.0953967	0.191984
5091	2.74914	-1.23675	-0.0953967	0.192142
5094	2.75076	-1.23675	-0.0953967	0.191984
5097	2.75238	-1.23675	-0.0951812	0.191984
5100	2.754	-1.23675	-0.0951812	0.192138
5103	2.75562	-1.23675	-0.0951812	0.191984
5106	2.75724	-1.23675	-0.0949718	0.191984
5109	2.75886	-1.23675	-0.0949718	0.192133
5112	2.76048	-1.23675	-0.0949718	0.191985
5115	2.7621	-1.23675	-0.0947684	0.191985
5118	2.76372	-1.23675	-0.0947684	0.192129
5121	2.76534	-1.23675	-0.0947684	0.191985
5124	2.76696	-1.23675	-0.0945704	0.191985
5127	2.76858	-1.23675	-0.0945704	0.192126
5130	2.7702	-1.23675	-0.0945704	0.191985
5133	2.77182	-1.23675	-0.0943774	0.191985
5136	2.77344	-1.23675	-0.0943774	0.192122
5139	2.77506	-1.23675	-0.0943774	0.191985
5142	2.77668	-1.23675	-0.0941891	0.191985
5145	2.7783	-1.23675	-0.0941891	0.192119
5148	2.77992	-1.23675	-0.0941891	0.191985
5151	2.78154	-1.23675	-0.094005	0.191985
5154	2.78316	-1.23675	-0.094005	0.192117
5157	2.78478	-1.23675	-0.094005	0.191985
5160	2.7864	-1.23675	-0.0938248	0.191985
5163	2.78802	-1.23675	-0.0938248	0.192114
5166	2.78964	-1.23675	-0.0938248	0.191985
5169	2.79126	-1.23675	-0.0936479	0.191985
5172	2.79288	-1.23675	-0.0936479	0.192112
5175	2.7945	-1.23675	-0.0936479	0.191985
5178	2.79612	-1.23675	-0.093474	0.191985
5181	2.79774	-1.23675	-0.093474	0.19211
5184	2.79936	-1.23675	-0.093474	0.191985
5187	2.80098	-1.23675	-0.0933027	0.191985
5190	2.8026	-1.23675	-0.0933027	0.192109
5193	2.80422	-1.23675	-0.0933027	0.191985
5196	2.80584	-1.23675	-0.0931335	0.191985
5199	2.80746	-1.23675	-0.0931335	0.192108
5202	2.80908	-1.23675	-0.0931335	0.191985
5205	2.8107	-1.23675	-0.092966	0.191985
5208	2.81232	-1.23675	-0.092966	0.192107
5211	2.81394	-1.23675	-0.092966	0.191985
5214	2.81556	-1.23675	-0.0927999	0.191985
5217	2.81718	-1.23675	-0.0927999	0.192106
5220	2.8188	-1.23675	-0.0927999	0.191985
5223	2.82042	-1.23675	-0.0926347	0.191985
5226	2.82204	-1.23675	-0.0926347	0.192106
5229	2.82366	-1.23675	-0.0926347	0.191985
5232	2.82528	-1.23675	-0.0924699	0.191985
5235	2.8269	-1.23675	-0.0924699	0.192106
5238	2.82852	-1.23675	-0.0924699	0.191985
5241	2.83014	-1.23675	-0.0923053	0.191985
5244	2.83176	-1.23675	-0.0923053	0.192106
5247	2.83338	-1.23675	-0.0923053	0.191985
5250	2.835	-1.23675	-0.0921402	0.191985
5253	2.83662	-1.23675	-0.0921402	0.192107
5256	2.83824	-1.23675	-0.0921402	0.191985
5259	2.83986	-1.23675	-0.0919744	0.191985
5262	2.84148	-1.23675	-0.0919744	0.192108
5265	2.8431	-1.23675	-0.0919744	0.191985
5268	2.84472	-1.23675	-0.0918074	0.191985
5271	2.84634	-1.23675	-0.0918074	0.192109
5274	2.84796	-1.23675	-0.0918074	0.191985
5277	2.84958	-1.23675	-0.0916388	0.191985
5280	2.8512	-1.23675	-0.0916388	0.192111
5283	2.85282	-1.23675	-0.0916388	0.191985
5286	2.85444	-1.23675	-0.0914682	0.191985
5289	2.85606	-1.23675	-0.0914682	0.192112
5292	2.85768	-1.23675	-0.0914682	0.191985
5295	2.8593	-1.23675	-0.0912951	0.191985
5298	2.86092	-1.23675	-0.0912951	0.192115
5301	2.86254	-1.23675	-0.0912951	0.191985
5304	2.86416	-1.23675	-0.0911192	0.191985
5307	2.86578	-1.23675	-0.0911192	0.192117
5310	2.8674	-1.23675	-0.0911192	0.191985
5313	2.86902	-1.23675	-0.09094	0.191985
5316	2.87064	-1.23675	-0.09094	0.19212
5319	2.87226	-1.23675	-0.09094	0.191985
5322	2.87388	-1.23675	-0.090757	0.191985
5325	2.8755	-1.23675	-0.090757	0.192123
5328	2.87712	-1.23675	-0.090757	0.191985
5331	2.87874	-1.23675	-0.09057	0.191985
5334	2.88036	-1.23675	-0.09057	0.192126
5337	2.88198	-1.23675	-0.09057	0.191985
5340	2.8836	-1.23675	-0.0903785	0.191985
5343	2.88522	-1.23675	-0.0903785	0.19213
5346	2.88684	-1.23675	-0.0903785	0.191985
5349	2.88846	-1.23675	-0.090182	0.191985
5352	2.89008	-1.23675	-0.090182	0.192134
5355	2.8917	-1.23675	-0.090182	0.191985
5358	2.89332	-1.23675	-0.0899801	0.191985
5361	2.89494	-1.23675	-0.0899801	0.192138
5364	2.89656	-1.23675	-0.0899801	0.191984
5367	2.89818	-1.23675	-0.0897725	0.191984
5370	2.8998	-1.23675	-0.0897725	0.192143
5373	2.90142	-1.23675	-0.0897725	0.191984
5376	2.90304	-1.23675	-0.0895587	0.191984
5379	2.90466	-1.23675	-0.0895587	0.192148
5382	2.90628	-1.23675	-0.0895587	0.191984
5385	2.9079	-1.23675	-0.0893383	0.191984
5388	2.90952	-1.23675	-0.0893383	0.192153
5391	2.91114	-1.23675	-0.0893383	0.191984
5394	2.91276	-1.23675	-0.0891108	0.191984
5397	2.91438	-1.23675	-0.0891108	0.192158
5400	2.916	-1.23675	-0.0891108	0.191984
5403	2.91762	-1.23675	-0.088876	0.191984
5406	2.91924	-1.23675	-0.088876	0.192164
5409	2.92086	-1.23675	-0.088876	0.191984
5412	2.92248	-1.23675	-0.0886333	0.191984
5415	2.9241	-1.23675	-0.0886333	0.19217
5418	2.92572	-1.23675	-0.0886333	0.191984
5421	2.92734	-1.23675	-0.0883824	0.191984
5424	2.92896	-1.23675	-0.0883824	0.192177
5427	2.93058	-1.23675	-0.0883824	0.191984
5430	2.9322	-1.23675	-0.0881229	0.191984
5433	2.93382	-1.23675	-0.0881229	0.192184
5436	2.93544	-1.23675	-0.0881229	0.191984
5439	2.93706	-1.23675	-0.0878543	0.191984
5442	2.93868	-1.23675	-0.0878543	0.192191
5445	2.9403	-1.23675	-0.0878543	0.191984
5448	2.94192	-1.23675	-0.0875764	0.191984
5451	2.94354	-1.23675	-0.0875764	0.192198
5454	2.94516	-1.23675	-0.0875764	0.191984
5457	2.94678	-1.23675	-0.0872886	0.191984
5460	2.9484	-1.23675	-0.0872886	0.192205
5463	2.95002	-1.23675	-0.0872886	0.191984
5466	2.95164	-1.23675	-0.0869906	0.191984
5469	2.95326	-1.23675	-0.0869906	0.192213
5472	2.95488	-1.23675	-0.0869906	0.191984
5475	2.9565	-1.23675	-0.086682	0.191984
5478	2.95812	-1.23675	-0.086682	0.192222
5481	2.95974	-1.23675	-0.086682	0.191984
5484	2.96136	-1.23669	-0.0863643	0.191984
5487	2.96298	-1.23669	-0.0863643	0.192231
5490	2.9646	-1.23669	-0.0863643	0.191984
5493	2.96622	-1.23643	-0.0860381	0.191984
5496	2.96784	-1.23643	-0.086038	0.192243
5499	2.96946	-1.23635	-0.086038	0.191983
5502	2.97108	-1.23635	-0.085685	0.191983
5505	2.9727	-1.23635	-0.085685	0.192244
5508	2.97432	-1.23613	-0.085685	0.191983
5511	2.97594	-1.23613	-0.0853273	0.191983
5514	2.97756	-1.23613	-0.0853273	0.192256
5517	2.97918	-1.23576	-0.0853273	0.191983
5520	2.9808	-1.23576	-0.0849496	0.191983
5523	2.98242	-1.23576	-0.0849496	0.192263
5526	2.98404	-1.23529	-0.0849496	0.191983
5529	2.98566	-1.23529	-0.0845578	0.191983
5532	2.98728	-1.23527	-0.0845578	0.192272
5535	2.9889	-1.23527	-0.0845578	0.191983
5538	2.99052	-1.23423	-0.0841892	0.191983
5541	2.99214	-1.23423	-0.0841892	0.192304
5544	2.99376	-1.23358	-0.0841892	0.191983
5547	2.99538	-1.23358	-0.0837256	0.191983
5550	2.997	-1.23346	-0.0837256	0.192277
5553	2.99862	-1.23346	-0.0837256	0.191983
5556	3.00024	-1.23228	-0.0833434	0.191983
5559	3.00186	-1.23228	-0.0833434	0.19233
5562	3.00348	-1.23147	-0.0833662	0.191983
5565	3.0051	-1.23147	-0.0833662	0.191983
5568	3.00672	-1.23147	-0.0824524	0.192748
5571	3.00834	-1.22866	-0.0824524	0.191978
5574	3.00996	-1.22866	-0.0813022	0.191978
5577	3.01158	-1.22855	-0.0813022	0.192114
5580	3.0132	-1.22855	-0.0813022	0.191985
5583	3.01482	-1.22748	-0.081136	0.191985
5586	3.01644	-1.22748	-0.081136	0.192442
5589	3.01806	-1.22597	-0.0814496	0.191981
5592	3.01968	-1.22597	-0.0814496	0.191981
5595	3.0213	-1.22597	-0.0804142	0.192834
5598	3.02292	-1.22284	-0.0804142	0.191978
5601	3.02454	-1.22284	-0.0791178	0.191978
5604	3.02616	-1.22273	-0.0791178	0.192117
5607	3.02778	-1.22273	-0.0791178	0.191985
5610	3.0294	-1.22155	-0.0789334	0.191985
5613	3.03102	-1.22155	-0.0789334	0.192486
5616	3.03264	-1.21977	-0.0793626	0.191981
5619	3.03426	-1.21977	-0.0793626	0.191981
5622	3.03588	-1.21977	-0.0782017	0.192923
5625	3.0375	-1.21624	-0.0782017	0.191977
5628	3.03912	-1.21624	-0.0767586	0.191977
5631	3.04074	-1.2161	-0.0767586	0.192121
5634	3.04236	-1.2161	-0.0767586	0.191985
5637	3.04398	-1.21479	-0.076557	0.191985
5640	3.0456	-1.21479	-0.076557	0.192532
5643	3.04722	-1.21272	-0.0771078	0.191981
5646	3.04884	-1.21272	-0.0771078	0.191981
5649	3.05046	-1.21272	-0.0758191	0.193014
5652	3.05208	-1.20878	-0.0758191	0.191976
5655	3.0537	-1.20878	-0.0742282	0.191976
5658	3.05532	-1.20865	-0.0742282	0.192127
5661	3.05694	-1.20865	-0.0742282	0.191985
5664	3.05856	-1.20722	-0.0740077	0.191985
5667	3.06018	-1.20722	-0.0740077	0.19258
5670	3.0618	-1.20488	-0.0746818	0.19198
5673	3.06342	-1.20488	-0.0746818	0.19198
5676	3.06504	-1.20488	-0.0732627	0.193108
5679	3.06666	-1.20054	-0.0732627	0.191975
5682	3.06828	-1.20054	-0.0715231	0.191975
5685	3.0699	-1.20045	-0.0715231	0.192134
5688	3.07152	-1.20045	-0.0715231	0.191984
5691	3.07314	-1.19893	-0.0712821	0.191984
5694	3.07476	-1.19893	-0.0712821	0.192627
5697	3.07638	-1.19633	-0.0720799	0.19198
5700	3.078	-1.19633	-0.0720799	0.19198
5703	3.07962	-1.19633	-0.0705288	0.193203
5706	3.08124	-1.19159	-0.0705288	0.191974
5709	3.08286	-1.19159	-0.0686413	0.191974
5712	3.08448	-1.19159	-0.0686413	0.192142
5715	3.0861	-1.19159	-0.0686413	0.191984
5718	3.08772	-1.18999	-0.0683784	0.191984
5721	3.08934	-1.18999	-0.0683784	0.192674
5724	3.09096	-1.18716	-0.0692992	0.191979
5727	3.09258	-1.18716	-0.0692992	0.191979
5730	3.0942	-1.18716	-0.0676156	0.193299
5733	3.09582	-1.18204	-0.0676156	0.191973
5736	3.09744	-1.18204	-0.065583	0.191973
5739	3.09906	-1.18204	-0.065583	0.192149
5742	3.10068	-1.18204	-0.065583	0.191984
5745	3.1023	-1.18041	-0.0652965	0.191984
5748	3.10392	-1.18041	-0.0652965	0.192721
5751	3.10554	-1.17738	-0.066337	0.191979
5754	3.10716	-1.17738	-0.066337	0.191979
5757	3.10878	-1.17738	-0.0645204	0.193395
5760	3.1104	-1.17189	-0.0645204	0.191972
5763	3.11202	-1.17189	-0.0623466	0.191972
5766	3.11364	-1.17189	-0.0623466	0.192157
5769	3.11526	-1.17189	-0.0623466	0.191984
5772	3.11688	-1.17026	-0.0620353	0.191984
5775	3.1185	-1.17026	-0.0620353	0.192765
5778	3.12012	-1.16706	-0.0631911	0.191978
5781	3.12174	-1.16706	-0.0631911	0.191978
5784	3.12336	-1.16706	-0.0612433	0.193489
5787	3.12498	-1.16122	-0.0612433	0.191971
5790	3.1266	-1.16122	-0.0589342	0.191971
5793	3.12822	-1.16122	-0.0589342	0.192165
5796	3.12984	-1.16122	-0.0589342	0.191984
5799	3.13146	-1.15963	-0.0585974	0.191984
5802	3.13308	-1.15963	-0.0585974	0.192807
5805	3.1347	-1.15629	-0.0598629	0.191978
5808	3.13632	-1.15629	-0.0598629	0.191978
5811	3.13794	-1.15629	-0.0577869	0.193581
5814	3.13956	-1.15012	-0.0577869	0.19197
5817	3.14118	-1.15012	-0.0553506	0.19197
5820	3.1428	-1.15012	-0.0553506	0.192174
5823	3.14442	-1.15012	-0.0553506	0.191984
5826	3.14604	-1.14859	-0.0549876	0.191984
5829	3.14766	-1.14859	-0.0549876	0.192847
5832	3.14928	-1.14514	-0.056356	0.191977
5835	3.1509	-1.14514	-0.056356	0.191977
5838	3.15252	-1.14514	-0.0541566	0.193669
5841	3.15414	-1.13867	-0.0541566	0.191969
5844	3.15576	-1.13867	-0.0516024	0.191969
5847	3.15738	-1.13867	-0.0516023	0.192183
5850	3.159	-1.13867	-0.0516023	0.191984
5853	3.16062	-1.13723	-0.0512136	0.191984
5856	3.16224	-1.13723	-0.0512136	0.192883
5859	3.16386	-1.13369	-0.0526769	0.191977
5862	3.16548	-1.13369	-0.0526769	0.191977
5865	3.1671	-1.13369	-0.0503604	0.193752
5868	3.16872	-1.12695	-0.0503604	0.191968
5871	3.17034	-1.12695	-0.0476985	0.191968
5874	3.17196	-1.12695	-0.0476985	0.192191
5877	3.17358	-1.12695	-0.0476985	0.191984
5880	3.1752	-1.12564	-0.0472849	0.191984
5883	3.17682	-1.12564	-0.0472849	0.192915
5886	3.17844	-1.12205	-0.0488337	0.191977
5889	3.18006	-1.12205	-0.0488337	0.191977
5892	3.18168	-1.12205	-0.0464081	0.193829
5895	3.1833	-1.11506	-0.0464081	0.191968
5898	3.18492	-1.11506	-0.0436497	0.191968
5901	3.18654	-1.11506	-0.0436497	0.192198
5904	3.18816	-1.11506	-0.0436497	0.191984
5907	3.18978	-1.1139	-0.0432132	0.191984
5910	3.1914	-1.1139	-0.0432132	0.192943
5913	3.19302	-1.11028	-0.0448377	0.191977
5916	3.19464	-1.11028	-0.0448377	0.191977
5919	3.19626	-1.11028	-0.0423125	0.193899
5922	3.19788	-1.10309	-0.0423126	0.191967
5925	3.1995	-1.10309	-0.0394692	0.191967
5928	3.20112	-1.10309	-0.0394692	0.192204
5931	3.20274	-1.10309	-0.0394692	0.191984
5934	3.20436	-1.1021	-0.0390125	0.191984
5937	3.20598	-1.1021	-0.0390125	0.192966
5940	3.2076	-1.09848	-0.040702	0.191976
5943	3.20922	-1.09848	-0.040702	0.191976
5946	3.21084	-1.09848	-0.0380883	0.19396
5949	3.21246	-1.09112	-0.0380883	0.191966
5952	3.21408	-1.09112	-0.0351723	0.191966
5955	3.2157	-1.09112	-0.0351722	0.192208
5958	3.21732	-1.09112	-0.0351722	0.191984
5961	3.21894	-1.09033	-0.0346989	0.191984
5964	3.22056	-1.09033	-0.0346989	0.192985
5967	3.22218	-1.08673	-0.036442	0.191976
5970	3.2238	-1.08673	-0.036442	0.191976
5973	3.22542	-1.08673	-0.0337522	0.194011
5976	3.22704	-1.07925	-0.0337522	0.191966
5979	3.22866	-1.07925	-0.0307762	0.191966
5982	3.23028	-1.07925	-0.0307761	0.19221
5985	3.2319	-1.07925	-0.0307761	0.191984
5988	3.23352	-1.07868	-0.0302903	0.191984
5991	3.23514	-1.07868	-0.0302903	0.192999
5994	3.23676	-1.07513	-0.0320754	0.191976
5997	3.23838	-1.07513	-0.0320754	0.191976
6000	3.24	-1.07513	-0.029323	0.194052
6003	3.24162	-1.06757	-0.029323	0.191965
6006	3.24324	-1.06757	-0.0263	0.191966
6009	3.24486	-1.06757	-0.0263	0.192211
6012	3.24648	-1.06757	-0.0263	0.191984
6015	3.2481	-1.06723	-0.0258062	0.191984
6018	3.24972	-1.06723	-0.0258062	0.193007
6021	3.25134	-1.06377	-0.0276211	0.191976
6024	3.25296	-1.06377	-0.0276211	0.191976
6027	3.25458	-1.06377	-0.0248207	0.194083
6030	3.2562	-1.05617	-0.0248207	0.191965
6033	3.25782	-1.05617	-0.0217645	0.191965
6036	3.25944	-1.05617	-0.0217645	0.192209
6039	3.26106	-1.05617	-0.0217645	0.191984
6042	3.26268	-1.05608	-0.0212677	0.191984
6045	3.2643	-1.05608	-0.0212677	0.193011
6048	3.26592	-1.05272	-0.0231002	0.191976
6051	3.26754	-1.05272	-0.0231002	0.191976
6054	3.26916	-1.05272	-0.0202673	0.194102
6057	3.27078	-1.04514	-0.0202673	0.191965
6060	3.2724	-1.04514	-0.0171915	0.191965
6063	3.27402	-1.04514	-0.0171915	0.192205
6066	3.27564	-1.04514	-0.0171915	0.191984
6069	3.27726	-1.04514	-0.0166981	0.191984
6072	3.27888	-1.04514	-0.0166981	0.193012
6075	3.2805	-1.04193	-0.0185425	0.191976
6078	3.28212	-1.04193	-0.0185425	0.191976
6081	3.28374	-1.04193	-0.0156909	0.19411
6084	3.28536	-1.03445	-0.0156909	0.191965
6087	3.28698	-1.03445	-0.0126084	0.191965
6090	3.2886	-1.03445	-0.0126084	0.192198
6093	3.29022	-1.03445	-0.0126084	0.191984
6096	3.29184	-1.03445	-0.0121237	0.191984
6099	3.29346	-1.03445	-0.0121237	0.19301
6102	3.29508	-1.03145	-0.0139714	0.191976
6105	3.2967	-1.03145	-0.0139714	0.191976
6108	3.29832	-1.03145	-0.0111155	0.194107
6111	3.29994	-1.02413	-0.0111155	0.191965
6114	3.30156	-1.02413	-0.00803926	0.191965
6117	3.30318	-1.02413	-0.00803926	0.192189
6120	3.3048	-1.02413	-0.00803926	0.191984
6123	3.30642	-1.02413	-0.00756763	0.191984
6126	3.30804	-1.02413	-0.00756762	0.193004
6129	3.30966	-1.02138	-0.00940664	0.191976
6132	3.31128	-1.02138	-0.00940664	0.191976
6135	3.3129	-1.02138	-0.0065621	0.194093
6138	3.31452	-1.01429	-0.0065621	0.191965
6141	3.31614	-1.01429	-0.00350543	0.191965
6144	3.31776	-1.01429	-0.00350543	0.192178
6147	3.31938	-1.01429	-0.00350543	0.191984
6150	3.321	-1.01429	-0.003051	0.191984
6153	3.32262	-1.01429	-0.003051	0.192992
6156	3.32424	-1.01181	-0.00487003	0.191976
6159	3.32586	-1.01181	-0.00487003	0.191976
6162	3.32748	-1.01181	-0.00205269	0.194067
6165	3.3291	-1.005	-0.0020527	0.191965
6168	3.33072	-1.005	0.00097118	0.191965
6171	3.33234	-1.005	0.000971186	0.192166
6174	3.33396	-1.005	0.000971186	0.191984
6177	3.33558	-1.005	0.00140453	0.191984
6180	3.3372	-1.005	0.00140453	0.192977
6183	3.33882	-1.00281	-0.000383676	0.191976
6186	3.34044	0	0	0
6189	3.34206	0	0	0
6192	3.34368	0	0	0
6195	3.3453	0	0	0
6198	3.34692	0	0	0
6201	3.34854	0	0	0
6204	3.35016	0	0	0
6207	3.35178	0	0	0
6210	3.3534	0	0	0
