TimeSlice	Time	adductorbrevis	tensorfascialatae
0	0	0.0176112	0.0585292
1	0.002	0.0317676	0.108945
2	0.004	0.0445626	0.156329
3	0.006	0.0578984	0.198218
4	0.008	0.0733147	0.232593
5	0.01	0.0918672	0.258104
6	0.012	0.11405	0.274189
7	0.014	0.139782	0.281131
8	0.016	0.168438	0.280004
9	0.018	0.198936	0.272567
10	0.02	0.229866	0.26107
11	0.022	0.259642	0.248025
12	0.024	0.286691	0.235968
13	0.026	0.309624	0.227195
14	0.028	0.327399	0.223538
15	0.03	0.339437	0.226183
16	0.032	0.345702	0.235552
17	0.034	0.346683	0.251273
18	0.036	0.34335	0.272233
19	0.038	0.33704	0.296721
20	0.04	0.329299	0.322629
21	0.042	0.321718	0.3477
22	0.044	0.315765	0.369779
23	0.046	0.312638	0.387058
24	0.048	0.313155	0.398248
25	0.05	0.317677	0.40272
26	0.052	0.326108	0.400533
27	0.054	0.337898	0.392426
28	0.056	0.352124	0.379703
29	0.058	0.367591	0.364103
30	0.06	0.382967	0.347601
31	0.062	0.396922	0.332204
32	0.064	0.408282	0.319742
33	0.066	0.416144	0.311677
34	0.068	0.419985	0.308964
35	0.07	0.419708	0.311944
36	0.072	0.415646	0.320325
37	0.074	0.40852	0.333226
38	0.076	0.399345	0.349277
39	0.078	0.38932	0.366797
40	0.08	0.379684	0.383968
41	0.082	0.371587	0.399056
42	0.084	0.365971	0.410588
43	0.086	0.363476	0.417508
44	0.088	0.364387	0.419275
45	0.09	0.368611	0.415907
46	0.092	0.375702	0.407964
47	0.094	0.384913	0.396464
48	0.096	0.395281	0.382775
49	0.098	0.405732	0.368456
50	0.1	0.4152	0.355097
51	0.102	0.42274	0.344146
52	0.104	0.42763	0.336757
53	0.106	0.429445	0.33368
54	0.108	0.428099	0.33518
55	0.11	0.423851	0.34102
56	0.112	0.417261	0.350494
57	0.114	0.409128	0.362518
58	0.116	0.400394	0.37575
59	0.118	0.392034	0.388754
60	0.12	0.384954	0.400152
61	0.122	0.379899	0.408775
62	0.124	0.377369	0.413782
63	0.126	0.377585	0.414745
64	0.128	0.380469	0.411677
65	0.13	0.385657	0.405019
66	0.132	0.392549	0.395583
67	0.134	0.400375	0.384453
68	0.136	0.408281	0.372869
69	0.138	0.415418	0.362087
70	0.14	0.421041	0.353251
71	0.142	0.424579	0.347271
72	0.144	0.425703	0.344728
73	0.146	0.424348	0.345821
74	0.148	0.420722	0.35035
75	0.15	0.415274	0.357751
76	0.152	0.408639	0.367156
77	0.154	0.401558	0.3775
78	0.156	0.394806	0.387648
79	0.158	0.389099	0.396507
80	0.16	0.385017	0.40316
81	0.162	0.382956	0.406945
82	0.164	0.383083	0.407531
83	0.166	0.385327	0.404936
84	0.168	0.389394	0.399519
85	0.17	0.394799	0.391929
86	0.172	0.400928	0.383034
87	0.174	0.4071	0.373816
88	0.176	0.412647	0.365272
89	0.178	0.416979	0.358303
90	0.18	0.419653	0.353621
91	0.182	0.420412	0.351675
92	0.184	0.419217	0.352612
93	0.186	0.416239	0.356262
94	0.188	0.411838	0.362162
95	0.19	0.40652	0.36962
96	0.192	0.400879	0.377791
97	0.194	0.39552	0.385771
98	0.196	0.391015	0.392705
99	0.198	0.387816	0.397866
100	0.2	0.386231	0.400742
101	0.202	0.386385	0.401079
102	0.204	0.388212	0.398904
103	0.206	0.391471	0.394509
104	0.208	0.395773	0.388422
105	0.21	0.400625	0.381336
106	0.212	0.405486	0.37403
107	0.214	0.409829	0.367296
108	0.216	0.413188	0.361842
109	0.218	0.41522	0.358225
110	0.22	0.415734	0.356788
111	0.222	0.414701	0.357634
112	0.224	0.412266	0.360615
113	0.226	0.408723	0.365358
114	0.228	0.404477	0.371303
115	0.23	0.399998	0.377778
116	0.232	0.395771	0.384066
117	0.234	0.392238	0.389494
118	0.236	0.38976	0.393492
119	0.238	0.388571	0.395662
120	0.24	0.38876	0.395818
121	0.242	0.390273	0.393988
122	0.244	0.392906	0.390419
123	0.246	0.396347	0.385533
124	0.248	0.400201	0.379886
125	0.25	0.404038	0.374101
126	0.252	0.407439	0.368806
127	0.254	0.410043	0.364555
128	0.256	0.411583	0.361782
129	0.258	0.411913	0.360746
130	0.26	0.411022	0.361518
131	0.262	0.40903	0.363972
132	0.264	0.406177	0.367799
133	0.266	0.402787	0.372549
134	0.268	0.399235	0.377685
135	0.27	0.395904	0.382641
136	0.272	0.393145	0.386884
137	0.274	0.391237	0.389972
138	0.276	0.390358	0.391597
139	0.278	0.390575	0.39162
140	0.28	0.391835	0.390075
141	0.282	0.393972	0.387168
142	0.284	0.396729	0.38324
143	0.286	0.399794	0.37874
144	0.288	0.402822	0.374164
145	0.29	0.405484	0.370004
146	0.292	0.407499	0.3667
147	0.294	0.408657	0.364584
148	0.296	0.408853	0.363857
149	0.298	0.408084	0.364563
150	0.3	0.40645	0.366588
151	0.302	0.404149	0.369683
152	0.304	0.401441	0.373482
153	0.306	0.398626	0.377559
154	0.308	0.396005	0.381463
155	0.31	0.393855	0.384776
156	0.312	0.392392	0.387151
157	0.314	0.391754	0.388355
158	0.316	0.391985	0.388285
159	0.318	0.393036	0.38698
160	0.32	0.394773	0.384607
161	0.322	0.396985	0.381447
162	0.324	0.399423	0.377858
163	0.326	0.401812	0.37424
164	0.328	0.403894	0.370977
165	0.33	0.405447	0.368415
166	0.332	0.406313	0.366811
167	0.334	0.406411	0.366316
168	0.336	0.405746	0.366954
169	0.338	0.404405	0.36863
170	0.34	0.402549	0.371135
171	0.342	0.400384	0.374177
172	0.344	0.398154	0.377413
173	0.346	0.396094	0.380487
174	0.348	0.394422	0.383068
175	0.35	0.393305	0.38489
176	0.352	0.392849	0.385772
177	0.354	0.393083	0.385641
178	0.356	0.393963	0.384535
179	0.358	0.395375	0.382596
180	0.36	0.397152	0.380053
181	0.362	0.39909	0.377192
182	0.364	0.400974	0.37433
183	0.366	0.402599	0.371774
184	0.368	0.403792	0.369793
185	0.37	0.404433	0.368585
186	0.372	0.404463	0.368263
187	0.374	0.40389	0.368836
188	0.376	0.402788	0.370223
189	0.378	0.401289	0.372252
190	0.38	0.399561	0.374687
191	0.382	0.397793	0.377255
192	0.384	0.396176	0.379672
193	0.386	0.394879	0.381681
194	0.388	0.394031	0.383072
195	0.39	0.393712	0.383709
196	0.392	0.39394	0.383543
197	0.394	0.394675	0.382607
198	0.396	0.395824	0.381023
199	0.398	0.39725	0.378975
200	0.4	0.398791	0.376695
201	0.402	0.400275	0.374434
202	0.404	0.401542	0.372436
203	0.406	0.402456	0.370906
204	0.408	0.402926	0.370002
205	0.41	0.402909	0.369803
206	0.412	0.402417	0.370313
207	0.414	0.401513	0.371462
208	0.416	0.400303	0.373105
209	0.418	0.398922	0.375056
210	0.42	0.397523	0.377091
211	0.422	0.396253	0.378991
212	0.424	0.395249	0.380551
213	0.426	0.394608	0.381609
214	0.428	0.39439	0.382063
215	0.43	0.394606	0.381878
216	0.432	0.39522	0.38109
217	0.434	0.396155	0.379795
218	0.436	0.397299	0.378146
219	0.438	0.398524	0.37633
220	0.44	0.399693	0.374544
221	0.442	0.400677	0.372982
222	0.444	0.401377	0.371806
223	0.446	0.401717	0.371132
224	0.448	0.401671	0.371022
225	0.45	0.401249	0.371474
226	0.452	0.400508	0.372423
227	0.454	0.39953	0.373755
228	0.456	0.398426	0.375316
229	0.458	0.397319	0.376929
230	0.46	0.396327	0.378422
231	0.462	0.395551	0.379629
232	0.464	0.395068	0.380431
233	0.466	0.394925	0.380749
234	0.468	0.395124	0.380559
235	0.47	0.395636	0.379895
236	0.472	0.396396	0.378838
237	0.474	0.397315	0.37751
238	0.476	0.398287	0.376063
239	0.478	0.399206	0.374655
240	0.48	0.399972	0.373436
241	0.482	0.400502	0.372534
242	0.484	0.400747	0.372037
243	0.486	0.400682	0.371988
244	0.488	0.400324	0.372383
245	0.49	0.399715	0.373168
246	0.492	0.398926	0.374246
247	0.494	0.398046	0.375494
248	0.496	0.397171	0.376774
249	0.498	0.396394	0.377942
250	0.5	0.395796	0.378877
251	0.502	0.395435	0.379481
252	0.504	0.395344	0.3797
253	0.506	0.395526	0.379514
254	0.508	0.395952	0.378955
255	0.51	0.39657	0.378093
256	0.512	0.397306	0.377026
257	0.514	0.398078	0.375874
258	0.516	0.3988	0.374763
259	0.518	0.399394	0.373815
260	0.52	0.399796	0.373123
261	0.522	0.399969	0.372759
262	0.524	0.399896	0.372753
263	0.526	0.399591	0.373096
264	0.528	0.399092	0.373744
265	0.53	0.398455	0.374617
266	0.532	0.397753	0.375613
267	0.534	0.397062	0.376627
268	0.536	0.396456	0.377542
269	0.538	0.395995	0.378263
270	0.54	0.395727	0.378718
271	0.542	0.395675	0.378861
272	0.544	0.395838	0.378686
273	0.546	0.396192	0.378218
274	0.548	0.396692	0.377514
275	0.55	0.397283	0.376655
276	0.552	0.397894	0.37574
277	0.554	0.398461	0.374866
278	0.556	0.39892	0.374127
279	0.558	0.399225	0.373601
280	0.56	0.399344	0.373338
281	0.562	0.399268	0.373358
282	0.564	0.39901	0.373655
283	0.566	0.398602	0.374187
284	0.568	0.398089	0.374892
285	0.57	0.397529	0.375689
286	0.572	0.396985	0.376491
287	0.574	0.396511	0.377206
288	0.576	0.396158	0.377761
289	0.578	0.39596	0.378101
290	0.58	0.395934	0.378192
291	0.582	0.396077	0.37803
292	0.584	0.396371	0.377639
293	0.586	0.396777	0.377068
294	0.588	0.39725	0.376377
295	0.59	0.397735	0.375651
296	0.592	0.398178	0.374962
297	0.594	0.398534	0.374389
298	0.596	0.398762	0.373988
299	0.598	0.398843	0.373798
300	0.6	0.398768	0.373836
301	0.602	0.398552	0.37409
302	0.604	0.398217	0.374527
303	0.606	0.397805	0.375097
304	0.608	0.39736	0.375734
305	0.61	0.396928	0.376367
306	0.612	0.39656	0.376924
307	0.614	0.396289	0.377353
308	0.616	0.396144	0.377605
309	0.618	0.396137	0.377658
310	0.62	0.396262	0.377511
311	0.622	0.396505	0.377185
312	0.624	0.396835	0.376719
313	0.626	0.397213	0.376166
314	0.628	0.397596	0.37559
315	0.63	0.397943	0.375049
316	0.632	0.398216	0.374605
317	0.634	0.398388	0.374301
318	0.636	0.39844	0.374167
319	0.638	0.39837	0.374214
320	0.64	0.398188	0.37443
321	0.642	0.397916	0.37479
322	0.644	0.397583	0.375249
323	0.646	0.397229	0.375756
324	0.648	0.39689	0.376255
325	0.65	0.396604	0.376691
326	0.652	0.396397	0.377018
327	0.654	0.396292	0.377205
328	0.656	0.396296	0.377232
329	0.658	0.396405	0.377101
330	0.66	0.396606	0.37683
331	0.662	0.396871	0.376452
332	0.664	0.397174	0.376009
333	0.666	0.397476	0.375551
334	0.668	0.397748	0.375128
335	0.67	0.397959	0.374783
336	0.672	0.398086	0.374554
337	0.674	0.398118	0.37446
338	0.676	0.398053	0.37451
339	0.678	0.397902	0.374694
340	0.68	0.397679	0.374989
341	0.682	0.397411	0.37536
342	0.684	0.397131	0.375764
343	0.686	0.396863	0.376158
344	0.688	0.396641	0.376497
345	0.69	0.396483	0.376749
346	0.692	0.396408	0.376884
347	0.694	0.396419	0.376893
348	0.696	0.396514	0.376778
349	0.698	0.396679	0.376553
350	0.7	0.396894	0.376245
351	0.702	0.397135	0.375891
352	0.704	0.397375	0.375527
353	0.706	0.397586	0.375196
354	0.708	0.397747	0.37493
355	0.71	0.397842	0.374758
356	0.712	0.39786	0.374695
357	0.714	0.397801	0.374744
358	0.716	0.397675	0.3749
359	0.718	0.397494	0.375141
360	0.72	0.397279	0.375439
361	0.722	0.397055	0.375762
362	0.724	0.396846	0.376071
363	0.726	0.396673	0.376336
364	0.728	0.396554	0.376527
365	0.73	0.3965	0.376626
366	0.732	0.396515	0.376624
367	0.734	0.396597	0.376524
368	0.736	0.396732	0.376337
369	0.738	0.396906	0.376088
370	0.74	0.397098	0.375804
371	0.742	0.397287	0.375516
372	0.744	0.397453	0.375256
373	0.746	0.397575	0.375052
374	0.748	0.397645	0.374922
375	0.75	0.397653	0.374881
376	0.752	0.397602	0.374929
377	0.754	0.397496	0.375059
378	0.756	0.397348	0.375256
379	0.758	0.397177	0.375496
380	0.76	0.396999	0.375752
381	0.762	0.396834	0.375996
382	0.764	0.396701	0.376201
383	0.766	0.39661	0.376347
384	0.768	0.396573	0.376418
385	0.77	0.396591	0.376409
386	0.772	0.396658	0.376322
387	0.774	0.39677	0.376169
388	0.776	0.39691	0.375967
389	0.778	0.397064	0.375739
390	0.78	0.397212	0.375512
391	0.782	0.397341	0.375309
392	0.784	0.397435	0.375152
393	0.786	0.397486	0.375055
394	0.788	0.397488	0.375029
395	0.79	0.397442	0.375073
396	0.792	0.397355	0.375183
397	0.794	0.397236	0.375343
398	0.796	0.397098	0.375535
399	0.798	0.396958	0.375739
400	0.8	0.396828	0.375932
401	0.802	0.396724	0.37609
402	0.804	0.396656	0.376201
403	0.806	0.39663	0.376252
404	0.808	0.396648	0.376238
405	0.81	0.396706	0.376162
406	0.812	0.396797	0.376038
407	0.814	0.396911	0.375874
408	0.816	0.397032	0.375693
409	0.818	0.397149	0.375514
410	0.82	0.397127	0.375355
411	0.822	0.397086	0.375416
412	0.824	0.397033	0.375498
413	0.826	0.396973	0.375591
414	0.828	0.396913	0.375686
415	0.83	0.396859	0.375772
416	0.832	0.396819	0.375842
417	0.834	0.396797	0.375886
418	0.836	0.396792	0.375903
419	0.838	0.396809	0.375892
420	0.84	0.39684	0.375851
421	0.842	0.396887	0.375789
422	0.844	0.396943	0.375712
423	0.846	0.396999	0.375629
424	0.848	0.397052	0.37555
425	0.85	0.397096	0.375483
426	0.852	0.397124	0.375435
427	0.854	0.397137	0.37541
428	0.856	0.397131	0.375411
429	0.858	0.397108	0.375438
430	0.86	0.397072	0.375485
431	0.862	0.397025	0.37555
432	0.864	0.396974	0.375622
433	0.866	0.396924	0.375696
434	0.868	0.39688	0.375762
435	0.87	0.396847	0.375814
436	0.872	0.396829	0.375845
437	0.874	0.396825	0.375855
438	0.876	0.396838	0.375842
439	0.878	0.396863	0.375807
440	0.88	0.396899	0.375755
441	0.882	0.396941	0.375693
442	0.884	0.396987	0.375625
443	0.886	0.397026	0.375563
444	0.888	0.397059	0.37551
445	0.89	0.39708	0.375472
446	0.892	0.397088	0.375453
447	0.894	0.397081	0.375456
448	0.896	0.397061	0.375478
449	0.898	0.39703	0.375517
450	0.9	0.396991	0.375569
451	0.902	0.39695	0.375627
452	0.904	0.39691	0.375685
453	0.906	0.396901	0.375737
454	0.908	0.3969	0.375738
455	0.91	0.396905	0.375728
456	0.912	0.396915	0.37571
457	0.914	0.39693	0.375685
458	0.916	0.396948	0.375657
459	0.918	0.396966	0.375626
460	0.92	0.39698	0.3756
461	0.922	0.396993	0.375578
462	0.924	0.396999	0.375562
463	0.926	0.396998	0.375556
464	0.928	0.396994	0.375559
465	0.93	0.396982	0.375569
466	0.932	0.396968	0.375587
467	0.934	0.39695	0.37561
468	0.936	0.396931	0.375635
469	0.938	0.396914	0.375659
470	0.94	0.396906	0.375679
471	0.942	0.396901	0.375684
472	0.944	0.396901	0.375682
473	0.946	0.396904	0.375675
474	0.948	0.39691	0.375665
475	0.95	0.396919	0.37565
476	0.952	0.396928	0.375635
477	0.954	0.396937	0.375619
478	0.956	0.396945	0.375604
479	0.958	0.396951	0.375592
480	0.96	0.396953	0.375584
481	0.962	0.396952	0.375582
482	0.964	0.396948	0.375585
483	0.966	0.396941	0.375592
484	0.968	0.396932	0.375601
485	0.97	0.396921	0.375614
486	0.972	0.396911	0.375628
487	0.974	0.396904	0.37564
488	0.976	0.396899	0.375647
489	0.978	0.396896	0.375651
490	0.98	0.396894	0.375652
491	0.982	0.396895	0.37565
492	0.984	0.396898	0.375644
493	0.986	0.396901	0.375637
494	0.988	0.396906	0.375627
495	0.99	0.396911	0.375619
496	0.992	0.396916	0.37561
497	0.994	0.39692	0.375601
498	0.996	0.396921	0.375597
499	0.998	0.396922	0.375593
500	1	0.396921	0.375593
501	1.002	0.396918	0.375597
502	1.004	0.396913	0.375602
503	1.006	0.396906	0.375608
504	1.008	0.3969	0.375615
505	1.01	0.396894	0.375622
506	1.012	0.396889	0.375629
507	1.014	0.396885	0.375634
508	1.016	0.396883	0.375637
509	1.018	0.396882	0.375638
510	1.02	0.396883	0.375636
511	1.022	0.396886	0.375631
512	1.024	0.396888	0.375625
513	1.026	0.396892	0.375618
514	1.028	0.396897	0.375611
515	1.03	0.396899	0.375604
516	1.032	0.396894	0.375599
517	1.034	0.396889	0.375607
518	1.036	0.396883	0.375615
519	1.038	0.396877	0.375623
520	1.04	0.396874	0.375629
521	1.042	0.39687	0.375633
522	1.044	0.39687	0.375634
523	1.046	0.396871	0.375633
524	1.048	0.396873	0.375628
525	1.05	0.396877	0.375622
526	1.052	0.396882	0.375615
527	1.054	0.396887	0.375607
528	1.056	0.396883	0.3756
529	1.058	0.396877	0.375607
530	1.06	0.396872	0.375614
531	1.062	0.396869	0.375619
532	1.064	0.396866	0.375624
533	1.066	0.396865	0.375626
534	1.068	0.396865	0.375626
535	1.07	0.396867	0.375623
536	1.072	0.396871	0.37562
537	1.074	0.396874	0.375613
538	1.076	0.396877	0.375607
539	1.078	0.396873	0.375602
540	1.08	0.39687	0.375608
541	1.082	0.396867	0.375613
542	1.084	0.396863	0.375618
543	1.086	0.396863	0.37562
544	1.088	0.396863	0.375621
545	1.09	0.396863	0.375619
546	1.092	0.396866	0.375616
547	1.094	0.396868	0.375612
548	1.096	0.396871	0.375608
549	1.098	0.396875	0.375602
550	1.1	0.396871	0.375598
551	1.102	0.396867	0.375604
552	1.104	0.396864	0.375609
553	1.106	0.396861	0.375613
554	1.108	0.39686	0.375617
555	1.11	0.396859	0.375617
556	1.112	0.39686	0.375618
557	1.114	0.39686	0.375615
558	1.116	0.396864	0.375612
559	1.118	0.396866	0.375607
560	1.12	0.396869	0.375603
561	1.122	0.396866	0.375597
562	1.124	0.396863	0.375602
563	1.126	0.39686	0.375607
564	1.128	0.396857	0.375611
565	1.13	0.396856	0.375613
566	1.132	0.396855	0.375615
567	1.134	0.396857	0.375614
568	1.136	0.396858	0.375611
569	1.138	0.396861	0.375609
570	1.14	0.396864	0.375603
571	1.142	0.396867	0.375599
572	1.144	0.396864	0.375595
573	1.146	0.396861	0.3756
574	1.148	0.396858	0.375605
575	1.15	0.396856	0.375609
576	1.152	0.396854	0.375611
577	1.154	0.396854	0.375611
578	1.156	0.396854	0.375612
579	1.158	0.396856	0.375611
580	1.16	0.396857	0.375607
581	1.162	0.39686	0.375603
582	1.164	0.396863	0.375599
583	1.166	0.39686	0.375595
584	1.168	0.396858	0.3756
585	1.17	0.396855	0.375603
586	1.172	0.396853	0.375606
587	1.174	0.396853	0.375609
588	1.176	0.396852	0.37561
589	1.178	0.396852	0.375609
590	1.18	0.396853	0.375607
591	1.182	0.396856	0.375604
592	1.184	0.396858	0.3756
593	1.186	0.396861	0.375597
594	1.188	0.396859	0.375593
595	1.19	0.396856	0.375597
596	1.192	0.396853	0.375602
597	1.194	0.396851	0.375604
598	1.196	0.39685	0.375607
599	1.198	0.39685	0.375607
600	1.2	0.39685	0.375607
601	1.202	0.396851	0.375606
602	1.204	0.396853	0.375603
603	1.206	0.396855	0.3756
604	1.208	0.396857	0.375597
605	1.21	0.396854	0.375594
606	1.212	0.396852	0.375597
607	1.214	0.396851	0.3756
608	1.216	0.39685	0.375603
609	1.218	0.396849	0.375604
610	1.22	0.396849	0.375604
611	1.222	0.39685	0.375604
612	1.224	0.39685	0.375603
613	1.226	0.396852	0.375601
614	1.228	0.396853	0.375599
615	1.23	0.396855	0.375596
616	1.232	0.396853	0.375593
617	1.234	0.396852	0.375596
618	1.236	0.39685	0.375599
619	1.238	0.396848	0.375601
620	1.24	0.396847	0.375603
621	1.242	0.396848	0.375603
622	1.244	0.396847	0.375603
623	1.246	0.396848	0.375602
624	1.248	0.39685	0.3756
625	1.25	0.396851	0.375597
626	1.252	0.396853	0.375595
627	1.254	0.396851	0.375593
628	1.256	0.39685	0.375596
629	1.258	0.396848	0.375598
630	1.26	0.396847	0.3756
631	1.262	0.396846	0.375602
632	1.264	0.396846	0.375602
633	1.266	0.396846	0.375601
634	1.268	0.396846	0.3756
635	1.27	0.396849	0.375598
636	1.272	0.39685	0.375596
637	1.274	0.396851	0.375595
638	1.276	0.396849	0.375591
639	1.278	0.396848	0.375594
640	1.28	0.396847	0.375596
641	1.282	0.396845	0.375598
642	1.284	0.396845	0.3756
643	1.286	0.396844	0.3756
644	1.288	0.396844	0.375601
645	1.29	0.396845	0.375599
646	1.292	0.396847	0.375598
647	1.294	0.396848	0.375596
648	1.296	0.39685	0.375593
649	1.298	0.396848	0.375592
650	1.3	0.396846	0.375594
651	1.302	0.396845	0.375596
652	1.304	0.396845	0.375597
653	1.306	0.396843	0.375599
654	1.308	0.396843	0.375599
655	1.31	0.396844	0.375599
656	1.312	0.396845	0.375598
657	1.314	0.396845	0.375597
658	1.316	0.396847	0.375595
659	1.318	0.396847	0.375592
660	1.32	0.396846	0.375591
661	1.322	0.396845	0.375593
662	1.324	0.396844	0.375595
663	1.326	0.396844	0.375597
664	1.328	0.396842	0.375597
665	1.33	0.396842	0.375597
666	1.332	0.396842	0.375597
667	1.334	0.396844	0.375597
668	1.336	0.396845	0.375595
669	1.338	0.396845	0.375594
670	1.34	0.396847	0.375593
671	1.342	0.396846	0.375591
672	1.344	0.396845	0.375592
673	1.346	0.396843	0.375594
674	1.348	0.396843	0.375595
675	1.35	0.396842	0.375597
676	1.352	0.396842	0.375597
677	1.354	0.396842	0.375597
678	1.356	0.396842	0.375596
679	1.358	0.396843	0.375595
680	1.36	0.396844	0.375594
681	1.362	0.396845	0.375592
682	1.364	0.396844	0.375591
683	1.366	0.396843	0.375592
684	1.368	0.396842	0.375594
685	1.37	0.396841	0.375595
686	1.372	0.396841	0.375595
687	1.374	0.396841	0.375596
688	1.376	0.396842	0.375596
689	1.378	0.396841	0.375594
690	1.38	0.396843	0.375594
691	1.382	0.396844	0.375593
692	1.384	0.396845	0.37559
693	1.386	0.396844	0.375589
694	1.388	0.396843	0.375591
695	1.39	0.396842	0.375592
696	1.392	0.396841	0.375595
697	1.394	0.39684	0.375596
698	1.396	0.396839	0.375595
699	1.398	0.39684	0.375596
700	1.4	0.39684	0.375595
701	1.402	0.396841	0.375595
702	1.404	0.396842	0.375593
703	1.406	0.396843	0.375591
704	1.408	0.396842	0.37559
705	1.41	0.396841	0.375591
706	1.412	0.396841	0.375593
707	1.414	0.39684	0.375594
708	1.416	0.396839	0.375594
709	1.418	0.396839	0.375594
710	1.42	0.396839	0.375594
711	1.422	0.39684	0.375594
712	1.424	0.396841	0.375592
713	1.426	0.396841	0.375592
714	1.428	0.396842	0.37559
715	1.43	0.396842	0.375588
716	1.432	0.396841	0.37559
717	1.434	0.396839	0.375592
718	1.436	0.396839	0.375593
719	1.438	0.396839	0.375593
720	1.44	0.396839	0.375593
721	1.442	0.396839	0.375593
722	1.444	0.396838	0.375594
723	1.446	0.396839	0.375592
724	1.448	0.396841	0.375592
725	1.45	0.396842	0.375591
726	1.452	0.396841	0.375589
727	1.454	0.396839	0.37559
728	1.456	0.396839	0.375592
729	1.458	0.396839	0.375593
730	1.46	0.396839	0.375593
731	1.462	0.396839	0.375593
732	1.464	0.396838	0.375593
733	1.466	0.396839	0.375593
734	1.468	0.396839	0.375591
735	1.47	0.39684	0.375591
736	1.472	0.396841	0.375589
737	1.474	0.39684	0.375588
738	1.476	0.396839	0.375589
739	1.478	0.396839	0.37559
740	1.48	0.396838	0.375591
741	1.482	0.396838	0.375592
742	1.484	0.396837	0.375592
743	1.486	0.396838	0.375593
744	1.488	0.396837	0.375592
745	1.49	0.396838	0.375592
746	1.492	0.396839	0.375592
747	1.494	0.396839	0.37559
748	1.496	0.396838	0.375589
749	1.498	0.396838	0.37559
750	1.5	0.396837	0.375591
751	1.502	0.396839	0.375591
752	1.504	0.396838	0.375591
753	1.506	0.396838	0.375592
754	1.508	0.396838	0.375592
755	1.51	0.396839	0.375591
756	1.512	0.396839	0.37559
757	1.514	0.396839	0.375589
758	1.516	0.39684	0.375589
759	1.518	0.396839	0.375588
760	1.52	0.396839	0.375589
761	1.522	0.396838	0.375592
762	1.524	0.396838	0.375592
763	1.526	0.396837	0.375592
764	1.528	0.396837	0.375591
765	1.53	0.396838	0.375591
766	1.532	0.396837	0.37559
767	1.534	0.396838	0.375591
768	1.536	0.396838	0.37559
769	1.538	0.396838	0.37559
770	1.54	0.396837	0.375589
771	1.542	0.396837	0.37559
772	1.544	0.396838	0.375591
773	1.546	0.396838	0.37559
774	1.548	0.396838	0.375591
775	1.55	0.396837	0.375591
776	1.552	0.396837	0.37559
777	1.554	0.396837	0.37559
778	1.556	0.396838	0.37559
779	1.558	0.396838	0.37559
780	1.56	0.396839	0.37559
781	1.562	0.396839	0.375588
782	1.564	0.396838	0.375589
783	1.566	0.396837	0.37559
784	1.568	0.396837	0.37559
785	1.57	0.396837	0.375591
786	1.572	0.396837	0.375591
787	1.574	0.396836	0.375591
788	1.576	0.396836	0.375591
789	1.578	0.396837	0.37559
790	1.58	0.396836	0.37559
791	1.582	0.396838	0.375589
792	1.584	0.396838	0.375588
793	1.586	0.396837	0.375588
794	1.588	0.396837	0.375589
795	1.59	0.396837	0.375589
796	1.592	0.396836	0.375591
797	1.594	0.396836	0.375591
798	1.596	0.396836	0.37559
799	1.598	0.396836	0.375591
800	1.6	0.396836	0.375591
801	1.602	0.396837	0.375589
802	1.604	0.396837	0.37559
803	1.606	0.396837	0.375588
804	1.608	0.396837	0.375589
805	1.61	0.396836	0.375589
806	1.612	0.396836	0.37559
807	1.614	0.396836	0.37559
808	1.616	0.396836	0.37559
809	1.618	0.396837	0.375591
810	1.62	0.396837	0.37559
811	1.622	0.396837	0.375589
812	1.624	0.396836	0.375589
813	1.626	0.396837	0.375588
814	1.628	0.396837	0.375589
815	1.63	0.396836	0.375589
816	1.632	0.396836	0.375589
817	1.634	0.396836	0.37559
818	1.636	0.396836	0.37559
819	1.638	0.396835	0.37559
820	1.64	0.396836	0.37559
821	1.642	0.396837	0.375589
822	1.644	0.396837	0.375588
823	1.646	0.396837	0.375588
824	1.648	0.396837	0.375587
825	1.65	0.396837	0.375587
826	1.652	0.396836	0.375588
827	1.654	0.396836	0.375589
828	1.656	0.396836	0.375589
829	1.658	0.396836	0.37559
830	1.66	0.396835	0.37559
831	1.662	0.396835	0.37559
832	1.664	0.396835	0.375589
833	1.666	0.396837	0.375589
834	1.668	0.396836	0.37559
835	1.67	0.396837	0.375588
836	1.672	0.396837	0.375588
837	1.674	0.396837	0.375589
838	1.676	0.396836	0.375589
839	1.678	0.396836	0.375589
840	1.68	0.396836	0.37559
841	1.682	0.396836	0.37559
842	1.684	0.396835	0.375589
843	1.686	0.396835	0.375589
844	1.688	0.396836	0.375589
845	1.69	0.396836	0.375589
846	1.692	0.396836	0.375587
847	1.694	0.396836	0.375588
848	1.696	0.396836	0.375588
849	1.698	0.396835	0.375588
850	1.7	0.396835	0.375589
851	1.702	0.396836	0.375589
852	1.704	0.396835	0.375589
853	1.706	0.396835	0.375589
854	1.708	0.396835	0.375589
855	1.71	0.396835	0.37559
856	1.712	0.396835	0.37559
857	1.714	0.396835	0.37559
858	1.716	0.396835	0.375588
859	1.718	0.396835	0.375588
860	1.72	0.396835	0.375589
861	1.722	0.396835	0.375589
862	1.724	0.396836	0.375589
863	1.726	0.396835	0.375589
864	1.728	0.396835	0.375589
865	1.73	0.396835	0.375588
866	1.732	0.396836	0.375588
867	1.734	0.396836	0.375588
868	1.736	0.396836	0.375588
869	1.738	0.396835	0.375588
870	1.74	0.396835	0.375588
871	1.742	0.396835	0.375588
872	1.744	0.396835	0.375589
873	1.746	0.396835	0.375589
874	1.748	0.396836	0.375589
875	1.75	0.396835	0.375588
876	1.752	0.396835	0.375588
877	1.754	0.396835	0.375589
878	1.756	0.396835	0.375589
879	1.758	0.396836	0.375589
880	1.76	0.396836	0.375588
881	1.762	0.396835	0.375588
882	1.764	0.396835	0.375588
883	1.766	0.396835	0.375589
884	1.768	0.396835	0.375589
885	1.77	0.396835	0.375589
886	1.772	0.396835	0.375588
887	1.774	0.396835	0.375588
888	1.776	0.396836	0.375589
889	1.778	0.396836	0.375588
890	1.78	0.396836	0.375587
891	1.782	0.396836	0.375587
892	1.784	0.396836	0.375588
893	1.786	0.396836	0.375588
894	1.788	0.396835	0.375588
895	1.79	0.396835	0.375588
896	1.792	0.396835	0.375589
897	1.794	0.396835	0.375589
898	1.796	0.396835	0.375589
899	1.798	0.396835	0.375588
900	1.8	0.396835	0.375589
901	1.802	0.396835	0.375589
902	1.804	0.396834	0.375589
903	1.806	0.396834	0.375589
904	1.808	0.396834	0.375589
905	1.81	0.396834	0.375588
906	1.812	0.396834	0.375588
907	1.814	0.396835	0.375587
908	1.816	0.396835	0.375588
909	1.818	0.396836	0.375588
910	1.82	0.396835	0.375587
911	1.822	0.396835	0.375587
912	1.824	0.396835	0.375587
913	1.826	0.396835	0.375587
914	1.828	0.396835	0.375587
915	1.83	0.396835	0.375588
916	1.832	0.396835	0.375588
917	1.834	0.396835	0.375588
918	1.836	0.396835	0.375588
919	1.838	0.396835	0.375588
920	1.84	0.396834	0.375588
921	1.842	0.396834	0.375588
922	1.844	0.396834	0.375588
923	1.846	0.396834	0.375589
924	1.848	0.396834	0.375589
925	1.85	0.396834	0.375589
926	1.852	0.396834	0.375589
927	1.854	0.396835	0.375588
928	1.856	0.396835	0.375588
929	1.858	0.396835	0.375588
930	1.86	0.396835	0.375587
931	1.862	0.396834	0.375587
932	1.864	0.396835	0.375588
933	1.866	0.396835	0.375588
934	1.868	0.396835	0.375588
935	1.87	0.396835	0.375588
936	1.872	0.396835	0.375588
937	1.874	0.396835	0.375588
938	1.876	0.396835	0.375588
939	1.878	0.396835	0.375588
940	1.88	0.396835	0.375587
941	1.882	0.396834	0.375588
942	1.884	0.396835	0.375588
943	1.886	0.396835	0.375588
944	1.888	0.396835	0.375588
945	1.89	0.396835	0.375587
946	1.892	0.396835	0.375587
947	1.894	0.396835	0.375588
948	1.896	0.396835	0.375588
949	1.898	0.396835	0.375588
950	1.9	0.396835	0.375588
951	1.902	0.396835	0.375589
952	1.904	0.396834	0.375589
953	1.906	0.396834	0.375589
954	1.908	0.396834	0.375588
955	1.91	0.396834	0.375588
956	1.912	0.396834	0.375588
957	1.914	0.396834	0.375587
958	1.916	0.396834	0.375587
959	1.918	0.396834	0.375588
960	1.92	0.396834	0.375588
961	1.922	0.396834	0.375588
962	1.924	0.396834	0.375588
963	1.926	0.396834	0.375588
964	1.928	0.396834	0.375588
965	1.93	0.396835	0.375588
966	1.932	0.396835	0.375587
967	1.934	0.396836	0.375587
968	1.936	0.396835	0.375587
969	1.938	0.396835	0.375588
970	1.94	0.396834	0.375588
971	1.942	0.396834	0.375588
972	1.944	0.396834	0.375588
973	1.946	0.396834	0.375588
974	1.948	0.396834	0.375588
975	1.95	0.396834	0.375588
976	1.952	0.396834	0.375588
977	1.954	0.396835	0.375588
978	1.956	0.396835	0.375588
979	1.958	0.396835	0.375588
980	1.96	0.396835	0.375588
981	1.962	0.396835	0.375588
982	1.964	0.396835	0.375588
983	1.966	0.396835	0.375588
984	1.968	0.396834	0.375588
985	1.97	0.396835	0.375588
986	1.972	0.396835	0.375587
987	1.974	0.396835	0.375587
988	1.976	0.396835	0.375588
989	1.978	0.396835	0.375588
990	1.98	0.396835	0.375587
991	1.982	0.396835	0.375587
992	1.984	0.396835	0.375588
993	1.986	0.396835	0.375588
994	1.988	0.396835	0.375588
995	1.99	0.396834	0.375588
996	1.992	0.396834	0.375588
997	1.994	0.396835	0.375588
998	1.996	0.396834	0.375588
999	1.998	0.396834	0.375588
1000	2	0.396834	0.375588
1001	2.002	0.396834	0.375588
1002	2.004	0.396834	0.375588
1003	2.006	0.396834	0.375588
1004	2.008	0.396834	0.375587
1005	2.01	0.396834	0.375587
1006	2.012	0.396834	0.375587
1007	2.014	0.396834	0.375588
1008	2.016	0.396834	0.375588
1009	2.018	0.396834	0.375588
1010	2.02	0.396834	0.375587
1011	2.022	0.396834	0.375587
1012	2.024	0.396834	0.375587
1013	2.026	0.396834	0.375587
1014	2.028	0.396834	0.375587
1015	2.03	0.396834	0.375587
1016	2.032	0.396834	0.375588
1017	2.034	0.396834	0.375588
1018	2.036	0.396834	0.375588
1019	2.038	0.396834	0.375588
1020	2.04	0.396834	0.375588
1021	2.042	0.396834	0.375588
1022	2.044	0.396834	0.375588
1023	2.046	0.396834	0.375587
1024	2.048	0.396834	0.375587
1025	2.05	0.396834	0.375587
1026	2.052	0.396834	0.375587
1027	2.054	0.396834	0.375587
1028	2.056	0.396834	0.375587
1029	2.058	0.396834	0.375587
1030	2.06	0.396834	0.375588
1031	2.062	0.396835	0.375588
1032	2.064	0.396835	0.375588
1033	2.066	0.396834	0.375588
1034	2.068	0.396834	0.375589
1035	2.07	0.396834	0.375589
1036	2.072	0.396834	0.375588
1037	2.074	0.396834	0.375588
1038	2.076	0.396834	0.375587
1039	2.078	0.396834	0.375588
1040	2.08	0.396834	0.375588
1041	2.082	0.396835	0.375588
1042	2.084	0.396834	0.375588
1043	2.086	0.396834	0.375587
1044	2.088	0.396834	0.375587
1045	2.09	0.396834	0.375587
1046	2.092	0.396834	0.375587
1047	2.094	0.396834	0.375587
1048	2.096	0.396834	0.375587
1049	2.098	0.396834	0.375587
1050	2.1	0.396834	0.375587
1051	2.102	0.396834	0.375587
1052	2.104	0.396834	0.375588
1053	2.106	0.396834	0.375588
1054	2.108	0.396834	0.375588
1055	2.11	0.396834	0.375588
1056	2.112	0.396834	0.375588
1057	2.114	0.396834	0.375588
1058	2.116	0.396834	0.375588
1059	2.118	0.396834	0.375588
1060	2.12	0.396834	0.375588
1061	2.122	0.396834	0.375588
1062	2.124	0.396835	0.375588
1063	2.126	0.396835	0.375588
1064	2.128	0.396835	0.375586
1065	2.13	0.396835	0.375586
1066	2.132	0.396835	0.375586
1067	2.134	0.396834	0.375587
1068	2.136	0.396834	0.375587
1069	2.138	0.396834	0.375587
1070	2.14	0.396834	0.375589
1071	2.142	0.396834	0.375589
1072	2.144	0.396834	0.375589
1073	2.146	0.396834	0.375588
1074	2.148	0.396834	0.375588
1075	2.15	0.396834	0.375588
1076	2.152	0.396834	0.375586
1077	2.154	0.396834	0.375587
1078	2.156	0.396834	0.375587
1079	2.158	0.396834	0.375587
1080	2.16	0.396834	0.375587
1081	2.162	0.396834	0.375587
1082	2.164	0.396834	0.375587
1083	2.166	0.396834	0.375587
1084	2.168	0.396833	0.375589
1085	2.17	0.396833	0.375589
1086	2.172	0.396833	0.375589
1087	2.174	0.396833	0.375589
1088	2.176	0.396834	0.375588
1089	2.178	0.396834	0.375587
1090	2.18	0.396834	0.375587
1091	2.182	0.396833	0.375589
1092	2.184	0.396833	0.375589
1093	2.186	0.396834	0.375588
1094	2.188	0.396834	0.375588
1095	2.19	0.396834	0.375586
1096	2.192	0.396834	0.375587
1097	2.194	0.396834	0.375587
1098	2.196	0.396834	0.375587
1099	2.198	0.396834	0.375587
1100	2.2	0.396834	0.375587
1101	2.202	0.396834	0.375587
1102	2.204	0.396834	0.375587
1103	2.206	0.396834	0.375587
1104	2.208	0.396834	0.375587
1105	2.21	0.396834	0.375587
1106	2.212	0.396834	0.375587
1107	2.214	0.396834	0.375587
1108	2.216	0.396834	0.375587
1109	2.218	0.396834	0.375587
1110	2.22	0.396834	0.375587
1111	2.222	0.396834	0.375587
1112	2.224	0.396834	0.375587
1113	2.226	0.396834	0.375587
1114	2.228	0.396834	0.375587
1115	2.23	0.396834	0.375587
1116	2.232	0.396834	0.375587
1117	2.234	0.396834	0.375587
1118	2.236	0.396834	0.375587
1119	2.238	0.396834	0.375587
1120	2.24	0.396834	0.375587
1121	2.242	0.396834	0.375587
1122	2.244	0.396834	0.375587
1123	2.246	0.396834	0.375587
1124	2.248	0.396834	0.375587
1125	2.25	0.396834	0.375587
1126	2.252	0.396834	0.375587
1127	2.254	0.396834	0.375587
1128	2.256	0.396834	0.375587
1129	2.258	0.396834	0.375587
1130	2.26	0.396834	0.375587
1131	2.262	0.396834	0.375587
1132	2.264	0.396834	0.375587
1133	2.266	0.396834	0.375587
1134	2.268	0.396834	0.375587
1135	2.27	0.396834	0.375587
1136	2.272	0.396834	0.375587
1137	2.274	0.396834	0.375587
1138	2.276	0.396834	0.375587
1139	2.278	0.396834	0.375587
1140	2.28	0.396834	0.375587
1141	2.282	0.396834	0.375587
1142	2.284	0.396834	0.375587
1143	2.286	0.396835	0.375587
1144	2.288	0.396835	0.375587
1145	2.29	0.396834	0.375587
1146	2.292	0.396834	0.375588
1147	2.294	0.396834	0.375588
1148	2.296	0.396834	0.375588
1149	2.298	0.396834	0.375588
1150	2.3	0.396834	0.375588
1151	2.302	0.396834	0.375588
1152	2.304	0.396834	0.375588
1153	2.306	0.396834	0.375588
1154	2.308	0.396834	0.375588
1155	2.31	0.396834	0.375588
1156	2.312	0.396834	0.375588
1157	2.314	0.396834	0.375588
1158	2.316	0.396834	0.375588
1159	2.318	0.396834	0.375588
1160	2.32	0.396835	0.375588
1161	2.322	0.396835	0.375587
1162	2.324	0.396835	0.375587
1163	2.326	0.396835	0.375587
1164	2.328	0.396835	0.375587
1165	2.33	0.396834	0.375587
1166	2.332	0.396834	0.375588
1167	2.334	0.396834	0.375588
1168	2.336	0.396835	0.375588
1169	2.338	0.396834	0.375587
1170	2.34	0.396834	0.375587
1171	2.342	0.396834	0.375587
1172	2.344	0.396834	0.375587
1173	2.346	0.396834	0.375587
1174	2.348	0.396833	0.375587
1175	2.35	0.396833	0.375587
1176	2.352	0.396833	0.375588
1177	2.354	0.396833	0.375588
1178	2.356	0.396833	0.375588
1179	2.358	0.396833	0.375588
1180	2.36	0.396834	0.375587
1181	2.362	0.396834	0.375587
1182	2.364	0.396834	0.375587
1183	2.366	0.396835	0.375587
1184	2.368	0.396835	0.375587
1185	2.37	0.396834	0.375587
1186	2.372	0.396834	0.375587
1187	2.374	0.396834	0.375587
1188	2.376	0.396834	0.375587
1189	2.378	0.396834	0.375587
1190	2.38	0.396834	0.375587
1191	2.382	0.396834	0.375587
1192	2.384	0.396834	0.375587
1193	2.386	0.396834	0.375587
1194	2.388	0.396834	0.375587
1195	2.39	0.396834	0.375587
1196	2.392	0.396833	0.375587
1197	2.394	0.396833	0.375588
1198	2.396	0.396834	0.375588
1199	2.398	0.396834	0.375587
1200	2.4	0.396834	0.375587
1201	2.402	0.396833	0.375587
1202	2.404	0.396833	0.375588
1203	2.406	0.396834	0.375588
1204	2.408	0.396834	0.375587
1205	2.41	0.396834	0.375587
1206	2.412	0.396834	0.375587
1207	2.414	0.396834	0.375587
1208	2.416	0.396835	0.375587
1209	2.418	0.396835	0.375587
1210	2.42	0.396835	0.375587
1211	2.422	0.396834	0.375587
1212	2.424	0.396834	0.375587
1213	2.426	0.396834	0.375587
1214	2.428	0.396834	0.375587
1215	2.43	0.396834	0.375587
1216	2.432	0.396834	0.375587
1217	2.434	0.396834	0.375587
1218	2.436	0.396834	0.375587
1219	2.438	0.396834	0.375587
1220	2.44	0.396834	0.375587
1221	2.442	0.396834	0.375587
1222	2.444	0.396834	0.375587
1223	2.446	0.396834	0.375587
1224	2.448	0.396834	0.375587
1225	2.45	0.396834	0.375587
1226	2.452	0.396834	0.375587
1227	2.454	0.396834	0.375587
1228	2.456	0.396834	0.375587
1229	2.458	0.396834	0.375587
1230	2.46	0.396834	0.375587
1231	2.462	0.396834	0.375587
1232	2.464	0.396834	0.375587
1233	2.466	0.396834	0.375587
1234	2.468	0.396834	0.375587
1235	2.47	0.396834	0.375587
1236	2.472	0.396834	0.375587
1237	2.474	0.396834	0.375587
1238	2.476	0.396834	0.375587
1239	2.478	0.396834	0.375587
1240	2.48	0.396834	0.375587
1241	2.482	0.396834	0.375587
1242	2.484	0.396834	0.375587
1243	2.486	0.396834	0.375587
1244	2.488	0.396834	0.375587
1245	2.49	0.396834	0.375587
1246	2.492	0.396834	0.375587
1247	2.494	0.396834	0.375587
1248	2.496	0.396834	0.375587
1249	2.498	0.396834	0.375587
1250	2.5	0.396834	0.375587
1251	2.502	0.396834	0.375587
1252	2.504	0.396834	0.375587
1253	2.506	0.396834	0.375587
1254	2.508	0.396834	0.375587
1255	2.51	0.396834	0.375587
1256	2.512	0.396834	0.375587
1257	2.514	0.396834	0.375587
1258	2.516	0.396834	0.375587
1259	2.518	0.396834	0.375587
1260	2.52	0.396834	0.375587
1261	2.522	0.396834	0.375587
1262	2.524	0.396834	0.375587
1263	2.526	0.396834	0.375587
1264	2.528	0.396834	0.375587
1265	2.53	0.396834	0.375587
1266	2.532	0.396834	0.375587
1267	2.534	0.396834	0.375587
1268	2.536	0.396834	0.375587
1269	2.538	0.396834	0.375587
1270	2.54	0.396834	0.375587
1271	2.542	0.396834	0.375587
1272	2.544	0.396834	0.375587
1273	2.546	0.396834	0.375587
1274	2.548	0.396834	0.375587
1275	2.55	0.396834	0.375587
1276	2.552	0.396834	0.375587
1277	2.554	0.396834	0.375587
1278	2.556	0.396834	0.375587
1279	2.558	0.396834	0.375587
1280	2.56	0.396834	0.375587
1281	2.562	0.396834	0.375587
1282	2.564	0.396834	0.375587
1283	2.566	0.396834	0.375587
1284	2.568	0.396834	0.375587
1285	2.57	0.396834	0.375587
1286	2.572	0.396834	0.375587
1287	2.574	0.396834	0.375587
1288	2.576	0.396834	0.375587
1289	2.578	0.396834	0.375587
1290	2.58	0.396834	0.375587
1291	2.582	0.396834	0.375587
1292	2.584	0.396834	0.375587
1293	2.586	0.396834	0.375587
1294	2.588	0.396834	0.375587
1295	2.59	0.396834	0.375587
1296	2.592	0.396834	0.375587
1297	2.594	0.396834	0.375587
1298	2.596	0.396834	0.375587
1299	2.598	0.396834	0.375587
1300	2.6	0.396834	0.375587
1301	2.602	0.396834	0.375587
1302	2.604	0.396834	0.375587
1303	2.606	0.396834	0.375587
1304	2.608	0.396834	0.375587
1305	2.61	0.396834	0.375587
1306	2.612	0.396834	0.375587
1307	2.614	0.396834	0.375587
1308	2.616	0.396834	0.375587
1309	2.618	0.396834	0.375587
1310	2.62	0.396834	0.375587
1311	2.622	0.396834	0.375587
1312	2.624	0.396834	0.375587
1313	2.626	0.396834	0.375587
1314	2.628	0.396834	0.375587
1315	2.63	0.396834	0.375587
1316	2.632	0.396834	0.375587
1317	2.634	0.396834	0.375587
1318	2.636	0.396834	0.375587
1319	2.638	0.396834	0.375587
1320	2.64	0.396834	0.375587
1321	2.642	0.396834	0.375587
1322	2.644	0.396834	0.375587
1323	2.646	0.396834	0.375587
1324	2.648	0.396834	0.375587
1325	2.65	0.396834	0.375587
1326	2.652	0.396834	0.375587
1327	2.654	0.396834	0.375587
1328	2.656	0.396834	0.375587
1329	2.658	0.396834	0.375587
1330	2.66	0.396834	0.375587
1331	2.662	0.396834	0.375587
1332	2.664	0.396834	0.375587
1333	2.666	0.396834	0.375587
1334	2.668	0.396834	0.375587
1335	2.67	0.396834	0.375587
1336	2.672	0.396834	0.375587
1337	2.674	0.396834	0.375587
1338	2.676	0.396834	0.375587
1339	2.678	0.396834	0.375587
1340	2.68	0.396834	0.375587
1341	2.682	0.396834	0.375587
1342	2.684	0.396834	0.375587
1343	2.686	0.396834	0.375587
1344	2.688	0.396834	0.375587
1345	2.69	0.396834	0.375587
1346	2.692	0.396834	0.375587
1347	2.694	0.396834	0.375587
1348	2.696	0.396834	0.375587
1349	2.698	0.396834	0.375587
1350	2.7	0.396834	0.375587
1351	2.702	0.396834	0.375587
1352	2.704	0.396834	0.375587
1353	2.706	0.396834	0.375587
1354	2.708	0.396834	0.375587
1355	2.71	0.396834	0.375587
1356	2.712	0.396834	0.375587
1357	2.714	0.396834	0.375587
1358	2.716	0.396834	0.375587
1359	2.718	0.396834	0.375587
1360	2.72	0.396834	0.375587
1361	2.722	0.396834	0.375587
1362	2.724	0.396834	0.375587
1363	2.726	0.396834	0.375587
1364	2.728	0.396834	0.375587
1365	2.73	0.396834	0.375587
1366	2.732	0.396834	0.375587
1367	2.734	0.396834	0.375587
1368	2.736	0.396834	0.375587
1369	2.738	0.396834	0.375587
1370	2.74	0.396834	0.375587
1371	2.742	0.396834	0.375587
1372	2.744	0.396834	0.375587
1373	2.746	0.396834	0.375587
1374	2.748	0.396834	0.375587
1375	2.75	0.396834	0.375587
1376	2.752	0.396834	0.375587
1377	2.754	0.396834	0.375587
1378	2.756	0.396834	0.375587
1379	2.758	0.396834	0.375587
1380	2.76	0.396834	0.375587
1381	2.762	0.396834	0.375587
1382	2.764	0.396834	0.375587
1383	2.766	0.396834	0.375587
1384	2.768	0.396834	0.375587
1385	2.77	0.396834	0.375587
1386	2.772	0.396834	0.375587
1387	2.774	0.396834	0.375587
1388	2.776	0.396834	0.375587
1389	2.778	0.396834	0.375587
1390	2.78	0.396834	0.375587
1391	2.782	0.396834	0.375587
1392	2.784	0.396834	0.375587
1393	2.786	0.396834	0.375587
1394	2.788	0.396834	0.375587
1395	2.79	0.396834	0.375587
1396	2.792	0.396834	0.375587
1397	2.794	0.396834	0.375587
1398	2.796	0.396834	0.375587
1399	2.798	0.396834	0.375587
1400	2.8	0.396834	0.375587
1401	2.802	0.396834	0.375587
1402	2.804	0.396834	0.375587
1403	2.806	0.396834	0.375587
1404	2.808	0.396834	0.375587
1405	2.81	0.396834	0.375587
1406	2.812	0.396834	0.375587
1407	2.814	0.396834	0.375587
1408	2.816	0.396834	0.375587
1409	2.818	0.396834	0.375587
1410	2.82	0.396834	0.375587
1411	2.822	0.396834	0.375587
1412	2.824	0.396834	0.375587
1413	2.826	0.396834	0.375587
1414	2.828	0.396834	0.375587
1415	2.83	0.396834	0.375587
1416	2.832	0.396834	0.375587
1417	2.834	0.396834	0.375587
1418	2.836	0.396834	0.375587
1419	2.838	0.396834	0.375587
1420	2.84	0.396834	0.375587
1421	2.842	0.396834	0.375587
1422	2.844	0.396834	0.375587
1423	2.846	0.396834	0.375587
1424	2.848	0.396834	0.375587
1425	2.85	0.396834	0.375587
1426	2.852	0.396834	0.375587
1427	2.854	0.396834	0.375587
1428	2.856	0.396834	0.375587
1429	2.858	0.396834	0.375587
1430	2.86	0.396834	0.375587
1431	2.862	0.396834	0.375587
1432	2.864	0.396834	0.375587
1433	2.866	0.396834	0.375587
1434	2.868	0.396834	0.375587
1435	2.87	0.396834	0.375587
1436	2.872	0.396834	0.375587
1437	2.874	0.396834	0.375587
1438	2.876	0.396834	0.375587
1439	2.878	0.396834	0.375587
1440	2.88	0.396834	0.375587
1441	2.882	0.396834	0.375587
1442	2.884	0.396834	0.375587
1443	2.886	0.396834	0.375587
1444	2.888	0.396834	0.375587
1445	2.89	0.396834	0.375587
1446	2.892	0.396834	0.375587
1447	2.894	0.396834	0.375587
1448	2.896	0.396834	0.375587
1449	2.898	0.396834	0.375587
1450	2.9	0.396834	0.375587
1451	2.902	0.396834	0.375587
1452	2.904	0.396834	0.375587
1453	2.906	0.396834	0.375587
1454	2.908	0.396834	0.375587
1455	2.91	0.396834	0.375587
1456	2.912	0.396834	0.375587
1457	2.914	0.396834	0.375587
1458	2.916	0.396834	0.375587
1459	2.918	0.396834	0.375587
1460	2.92	0.396834	0.375587
1461	2.922	0.396834	0.375587
1462	2.924	0.396834	0.375587
1463	2.926	0.396834	0.375587
1464	2.928	0.396834	0.375587
1465	2.93	0.396834	0.375587
1466	2.932	0.396834	0.375587
1467	2.934	0.396834	0.375587
1468	2.936	0.396834	0.375587
1469	2.938	0.396834	0.375587
1470	2.94	0.396834	0.375587
1471	2.942	0.396834	0.375587
1472	2.944	0.396834	0.375587
1473	2.946	0.396834	0.375587
1474	2.948	0.396834	0.375587
1475	2.95	0.396834	0.375587
1476	2.952	0.396834	0.375587
1477	2.954	0.396834	0.375587
1478	2.956	0.396834	0.375587
1479	2.958	0.396834	0.375587
1480	2.96	0.396834	0.375587
1481	2.962	0.396834	0.375587
1482	2.964	0.396834	0.375587
1483	2.966	0.396834	0.375587
1484	2.968	0.396834	0.375587
1485	2.97	0.396834	0.375587
1486	2.972	0.396834	0.375587
1487	2.974	0.396834	0.375587
1488	2.976	0.396834	0.375587
1489	2.978	0.396834	0.375587
1490	2.98	0.396834	0.375587
1491	2.982	0.396834	0.375587
1492	2.984	0.396834	0.375587
1493	2.986	0.396834	0.375587
1494	2.988	0.396834	0.375587
1495	2.99	0.396834	0.375587
1496	2.992	0.396834	0.375587
1497	2.994	0.396834	0.375587
1498	2.996	0.396834	0.375587
1499	2.998	0.396834	0.375587
1500	3	0.396834	0.375587
1501	3.002	0.396834	0.375587
1502	3.004	0.396834	0.375587
1503	3.006	0.396834	0.375587
1504	3.008	0.396834	0.375587
1505	3.01	0.396834	0.375587
1506	3.012	0.396834	0.375587
1507	3.014	0.396834	0.375587
1508	3.016	0.396834	0.375587
1509	3.018	0.396834	0.375587
1510	3.02	0.396834	0.375587
1511	3.022	0.396834	0.375587
1512	3.024	0.396834	0.375587
1513	3.026	0.396834	0.375587
1514	3.028	0.396834	0.375587
1515	3.03	0.396834	0.375587
1516	3.032	0.396834	0.375587
1517	3.034	0.396834	0.375587
1518	3.036	0.396834	0.375587
1519	3.038	0.396834	0.375587
1520	3.04	0.396834	0.375587
1521	3.042	0.396834	0.375587
1522	3.044	0.396834	0.375587
1523	3.046	0.396834	0.375587
1524	3.048	0.396834	0.375587
1525	3.05	0.396834	0.375587
1526	3.052	0.396834	0.375587
1527	3.054	0.396834	0.375587
1528	3.056	0.396834	0.375587
1529	3.058	0.396834	0.375587
1530	3.06	0.396834	0.375587
1531	3.062	0.396834	0.375587
1532	3.064	0.396834	0.375587
1533	3.066	0.396834	0.375587
1534	3.068	0.396834	0.375587
1535	3.07	0.396834	0.375587
1536	3.072	0.396834	0.375587
1537	3.074	0.396834	0.375587
1538	3.076	0.396834	0.375587
1539	3.078	0.396834	0.375587
1540	3.08	0.396834	0.375587
1541	3.082	0.396834	0.375587
1542	3.084	0.396834	0.375587
1543	3.086	0.396834	0.375587
1544	3.088	0.396834	0.375587
1545	3.09	0.396834	0.375587
1546	3.092	0.396834	0.375587
1547	3.094	0.396834	0.375587
1548	3.096	0.396834	0.375587
1549	3.098	0.396834	0.375587
1550	3.1	0.396834	0.375587
1551	3.102	0.396834	0.375587
1552	3.104	0.396834	0.375587
1553	3.106	0.396834	0.375587
1554	3.108	0.396834	0.375587
1555	3.11	0.396834	0.375587
1556	3.112	0.396834	0.375587
1557	3.114	0.396834	0.375587
1558	3.116	0.396834	0.375587
1559	3.118	0.396834	0.375587
1560	3.12	0.396834	0.375587
1561	3.122	0.396834	0.375587
1562	3.124	0.396834	0.375587
1563	3.126	0.396834	0.375587
1564	3.128	0.396834	0.375587
1565	3.13	0.396834	0.375587
1566	3.132	0.396834	0.375587
1567	3.134	0.396834	0.375587
1568	3.136	0.396834	0.375587
1569	3.138	0.396834	0.375587
1570	3.14	0.396834	0.375587
1571	3.142	0.396834	0.375587
1572	3.144	0.396834	0.375587
1573	3.146	0.396834	0.375587
1574	3.148	0.396834	0.375587
1575	3.15	0.396834	0.375587
1576	3.152	0.396834	0.375587
1577	3.154	0.396834	0.375587
1578	3.156	0.396834	0.375587
1579	3.158	0.396834	0.375587
1580	3.16	0.396834	0.375587
1581	3.162	0.396834	0.375587
1582	3.164	0.396834	0.375587
1583	3.166	0.396834	0.375587
1584	3.168	0.396834	0.375587
1585	3.17	0.396834	0.375587
1586	3.172	0.396834	0.375587
1587	3.174	0.396834	0.375587
1588	3.176	0.396834	0.375587
1589	3.178	0.396834	0.375587
1590	3.18	0.396834	0.375587
1591	3.182	0.396834	0.375587
1592	3.184	0.396834	0.375587
1593	3.186	0.396834	0.375587
1594	3.188	0.396834	0.375587
1595	3.19	0.396834	0.375587
1596	3.192	0.396834	0.375587
1597	3.194	0.396834	0.375587
1598	3.196	0.396834	0.375587
1599	3.198	0.396834	0.375587
1600	3.2	0.396834	0.375587
1601	3.202	0.396834	0.375587
1602	3.204	0.396834	0.375587
1603	3.206	0.396834	0.375587
1604	3.208	0.396834	0.375587
1605	3.21	0.396834	0.375587
1606	3.212	0.396834	0.375587
1607	3.214	0.396834	0.375587
1608	3.216	0.396834	0.375587
1609	3.218	0.396834	0.375587
1610	3.22	0.396834	0.375587
1611	3.222	0.396834	0.375587
1612	3.224	0.396834	0.375587
1613	3.226	0.396834	0.375587
1614	3.228	0.396834	0.375587
1615	3.23	0.396834	0.375587
1616	3.232	0.396834	0.375587
1617	3.234	0.396834	0.375587
1618	3.236	0.396834	0.375587
1619	3.238	0.396834	0.375587
1620	3.24	0.396834	0.375587
1621	3.242	0.396834	0.375587
1622	3.244	0.396834	0.375587
1623	3.246	0.396834	0.375587
1624	3.248	0.396834	0.375587
1625	3.25	0.396834	0.375587
1626	3.252	0.396834	0.375587
1627	3.254	0.396834	0.375587
1628	3.256	0.396834	0.375587
1629	3.258	0.396834	0.375587
1630	3.26	0.396834	0.375587
1631	3.262	0.396834	0.375587
1632	3.264	0.396834	0.375587
1633	3.266	0.396834	0.375587
1634	3.268	0.396834	0.375587
1635	3.27	0.396834	0.375587
1636	3.272	0.396834	0.375587
1637	3.274	0.396834	0.375587
1638	3.276	0.396834	0.375587
1639	3.278	0.396834	0.375587
1640	3.28	0.396834	0.375587
1641	3.282	0.396834	0.375587
1642	3.284	0.396834	0.375587
1643	3.286	0.396834	0.375587
1644	3.288	0.396834	0.375587
1645	3.29	0.396834	0.375587
1646	3.292	0.396834	0.375587
1647	3.294	0.396834	0.375587
1648	3.296	0.396834	0.375587
1649	3.298	0.396834	0.375587
1650	3.3	0.396834	0.375587
1651	3.302	0.396834	0.375587
1652	3.304	0.396834	0.375587
1653	3.306	0.396834	0.375587
1654	3.308	0.396834	0.375587
1655	3.31	0.396834	0.375587
1656	3.312	0.396834	0.375587
1657	3.314	0.396834	0.375587
1658	3.316	0.396834	0.375587
1659	3.318	0.396834	0.375587
1660	3.32	0.396834	0.375587
1661	3.322	0.396834	0.375587
1662	3.324	0.396834	0.375587
1663	3.326	0.396834	0.375587
1664	3.328	0.396834	0.375587
1665	3.33	0.396834	0.375587
1666	3.332	0.396834	0.375587
1667	3.334	0.396834	0.375587
1668	3.336	0	0
1669	3.338	0	0
1670	3.34	0	0
1671	3.342	0	0
1672	3.344	0	0
1673	3.346	0	0
1674	3.348	0	0
1675	3.35	0	0
1676	3.352	0	0
